n;avg;min;max
100;1380;725;2559
200;3265;2280;5861
300;5441;2449;9416
400;7950;5226;11744
500;10428;6904;15772
600;13749;9566;19548
700;16308;11156;24737
800;19375;10318;30856
900;22600;16540;29708
1000;25185;17625;36172
1100;28182;20407;43601
1200;31298;20647;42916
1300;34790;24315;45585
1400;39067;28902;56137
1500;42487;29900;56060
1600;45588;29445;58422
1700;48362;35273;71523
1800;53606;37631;80121
1900;56456;38003;81835
2000;60228;43544;83357
2100;62604;44563;94809
2200;68022;50427;84417
2300;69588;53029;92981
2400;75080;56049;112700
2500;76316;54785;95978
2600;82720;57048;113511
2700;86245;61471;122563
2800;91287;67601;137648
2900;93169;69578;128506
3000;96697;72420;136560
3100;99463;69508;135045
3200;106516;78575;142940
3300;107573;73707;151494
3400;111627;75963;147986
3500;117856;86103;157815
3600;120646;86184;163697
3700;124736;90701;189975
3800;128135;94183;185361
3900;134981;92350;173573
4000;132611;103992;198538
4100;141971;96294;198776
4200;144703;106028;201819
4300;150307;112112;234666
4400;154403;110952;227481
4500;157097;104258;210373
4600;162910;112807;215610
4700;170295;118636;213752
4800;174837;135468;219780
4900;174178;123930;236668
5000;177242;127509;236899
5100;183226;125404;247559
5200;186682;133718;247737
5300;193089;132582;251333
5400;193889;123877;242217
5500;200498;141931;263599
5600;208499;151162;258655
5700;208485;139112;276653
5800;213177;155635;297541
5900;216963;157954;326998
6000;222901;152541;307552
6100;224769;159101;293119
6200;234263;173413;325852
6300;232461;174331;317790
6400;240802;172520;329029
6500;242457;171586;339091
6600;249473;175884;360138
6700;251892;181502;337291
6800;252588;182227;342520
6900;262886;190335;419276
7000;271034;182169;332980
7100;269557;195373;357342
7200;275309;198939;360018
7300;282383;196982;352097
7400;285611;200042;361353
7500;295685;219203;377354
7600;293425;210710;368228
7700;299633;217560;387301
7800;303927;224628;394864
7900;311562;234305;399623
8000;310373;218473;416677
8100;308022;226232;443865
8200;321152;220379;419239
8300;320377;227018;423366
8400;336134;258253;477567
8500;343437;252847;499813
8600;338728;248589;465557
8700;344119;246677;481971
8800;346281;255925;486084
8900;351493;259821;482635
9000;355168;256708;448882
9100;358841;263071;450093
9200;361570;269554;469108
9300;372475;273403;474492
9400;376793;254730;476886
9500;374720;252179;498403
9600;381078;283075;472314
9700;381588;263741;548631
9800;385850;282249;509580
9900;402450;297605;499501
10000;401993;286754;521378
10100;408920;303312;528922
10200;411917;296285;531815
10300;420097;330771;558767
10400;424244;301888;612852
10500;434659;306658;572629
10600;425555;293665;555118
10700;435942;328883;552674
10800;432314;318731;570972
10900;444314;331539;552109
11000;449427;337539;584012
11100;453690;345400;566889
11200;450495;311329;568837
11300;459138;325333;610520
11400;476527;343202;637758
11500;478158;341539;606420
11600;467189;357092;611138
11700;489066;354538;620897
11800;485816;341592;636191
11900;495161;343702;610474
12000;491653;344846;624529
12100;492161;372090;608871
12200;509363;380608;685342
12300;519460;344334;688775
12400;514792;366826;695102
12500;509833;363569;646922
12600;524472;384454;669939
12700;535870;384411;691381
12800;539092;386918;700320
12900;538163;388564;766488
13000;549093;369459;683130
13100;536102;400186;660516
13200;550048;395024;690487
13300;579105;428753;820163
13400;568871;372378;742317
13500;573352;423612;713269
13600;577066;392771;760558
13700;573641;408218;733185
13800;577472;398967;817872
13900;593434;431195;728335
14000;594847;441667;841031
14100;584884;452311;788213
14200;586593;409281;734292
14300;605900;438139;845908
14400;598112;431617;794334
14500;613465;466766;769623
14600;619184;447135;793672
14700;632032;450310;778914
14800;643044;467512;851416
14900;612250;481917;794048
15000;642104;473887;817914
15100;642898;472105;811484
15200;659641;495278;902514
15300;650862;480678;875363
15400;645635;459679;826376
15500;663228;470900;890399
15600;670079;453765;901856
15700;644811;451147;830570
15800;668041;507715;934980
15900;666447;445636;896605
16000;668564;508535;879278
16100;696089;475009;902123
16200;696235;506427;882562
16300;692840;539199;927709
16400;705555;515549;879872
16500;708572;523979;896437
16600;715960;501069;977949
16700;705859;528032;946307
16800;722618;536612;927687
16900;724395;534100;983822
17000;744420;570491;988518
17100;741482;526881;987587
17200;752084;560401;1066537
17300;755904;565457;986896
17400;745657;537038;902374
17500;781108;542328;975791
17600;763119;578407;991346
17700;789031;576273;1049964
17800;756511;579056;979789
17900;778856;584191;1054167
18000;788306;561719;1060645
18100;791240;592610;960522
18200;793270;573355;999591
18300;788256;550058;1045580
18400;787881;616736;1012971
18500;806521;586917;1090957
18600;815332;606295;1079907
18700;821397;575680;1017571
18800;821234;597134;1046432
18900;803572;564187;1067467
19000;827952;605793;1048179
19100;823886;621723;1062299
19200;840993;634361;1035861
19300;841741;617923;1080324
19400;832183;614648;1095543
19500;867163;657372;1083099
19600;854057;608798;1142454
19700;854036;637768;1082002
19800;860391;652141;1094304
19900;877408;659039;1147990
20000;892260;608752;1103554
20100;891131;660922;1255659
20200;891603;645425;1124859
20300;885487;673022;1177183
20400;908543;693704;1140782
20500;909798;626933;1350325
20600;921320;690989;1265234
20700;921164;678409;1157886
20800;895005;670673;1149907
20900;932544;694995;1129379
21000;939938;687773;1215678
21100;935570;693397;1265356
21200;949752;708895;1180985
21300;941049;716969;1146810
21400;959944;695027;1272246
21500;963208;686163;1319782
21600;966581;730269;1232517
21700;969472;736448;1180352
21800;965180;724509;1213822
21900;942621;720905;1226632
22000;968015;723732;1266323
22100;988326;750403;1392333
22200;1013980;708613;1336878
22300;992908;704461;1303984
22400;1015286;728843;1431145
22500;995202;717376;1204719
22600;993918;717611;1386397
22700;1002620;777957;1238183
22800;1021937;773819;1270817
22900;1045677;755130;1333838
23000;1021744;719376;1445915
23100;1038362;772485;1311942
23200;1018970;780142;1290907
23300;1050891;797646;1360897
23400;1055972;758515;1378525
23500;1042047;802389;1284342
23600;1053665;793187;1401131
23700;1054545;797044;1444436
23800;1057193;762817;1317805
23900;1078158;835608;1453999
24000;1080244;807162;1397496
24100;1094066;861495;1421303
24200;1115001;780758;1359735
24300;1080564;768816;1385922
24400;1093629;750285;1337421
24500;1084436;844496;1290045
24600;1112729;822646;1447255
24700;1092284;827196;1427928
24800;1108058;801150;1366010
24900;1125445;857209;1640527
25000;1122912;824775;1454201
25100;1146466;884509;1459129
25200;1132290;860938;1456834
25300;1150241;865274;1404968
25400;1141555;815870;1632684
25500;1154922;844997;1480251
25600;1159098;912029;1494309
25700;1163328;862958;1605617
25800;1175647;897543;1443044
25900;1189332;825099;1474021
26000;1184881;882690;1601964
26100;1185374;806053;1699468
26200;1201547;853491;1633548
26300;1185541;897097;1488280
26400;1168478;928788;1401369
26500;1209905;912351;1445537
26600;1189701;851292;1439682
26700;1195122;920309;1549508
26800;1204807;896777;1460213
26900;1196444;870321;1828081
27000;1217220;906034;1565933
27100;1241059;889135;1628057
27200;1253068;911955;1672355
27300;1254997;936482;1531960
27400;1230858;931993;1660251
27500;1247516;962398;1672745
27600;1260195;952271;1572692
27700;1266021;973640;1578879
27800;1261427;962095;1553801
27900;1267446;940552;1595066
28000;1254160;909670;1704708
28100;1250159;945690;1580458
28200;1268568;978774;1622567
28300;1320162;928145;1828096
28400;1277200;960198;1716449
28500;1322946;943068;1820834
28600;1312586;967259;1775552
28700;1338199;948768;1713201
28800;1337678;1011998;1755717
28900;1328597;1044845;1682939
29000;1315017;979619;1807151
29100;1351017;1026890;1830043
29200;1319707;964494;1757885
29300;1336018;975871;1817213
29400;1347513;991291;1978862
29500;1324959;995041;1655319