n;avg;min;max
100;272;99;663
200;568;199;1255
300;872;299;1985
400;1146;399;2927
500;1455;539;3869
600;1739;599;5140
700;2078;699;4364
800;2389;799;5676
900;2624;899;5634
1000;2920;999;7318
1100;3255;1099;7947
1200;3581;1209;8722
1300;3884;1299;9229
1400;4094;1399;11173
1500;4544;1549;10370
1600;4726;1662;10568
1700;5099;1699;13207
1800;5314;1858;11774
1900;5623;1986;13174
2000;5873;1999;14542
2100;6247;2099;14775
2200;6558;2199;18471
2300;6778;2299;16222
2400;7086;2461;18398
2500;7399;2499;16802
2600;7729;2938;17187
2700;7948;2699;22092
2800;8354;2913;18815
2900;8640;2899;23121
3000;8911;3199;20506
3100;9188;3324;21358
3200;9549;3539;22518
3300;9910;3509;23206
3400;10162;3399;23948
3500;10242;3654;25995
3600;10711;4000;22930
3700;11034;3844;23492
3800;11287;3799;25435
3900;11409;4106;26411
4000;12003;4071;27863
4100;12290;4167;28084
4200;12646;4257;28647
4300;12883;4362;28056
4400;13081;4399;31132
4500;13453;4786;30246
4600;13985;4897;32871
4700;14202;5299;40284
4800;14300;5237;34929
4900;14703;5161;35070
5000;15119;5124;41005
5100;15135;5099;33992
5200;15608;5523;33260
5300;15407;5299;43083
5400;15792;5830;34122
5500;16544;5862;38744
5600;16935;6432;39619
5700;17061;6143;42525
5800;17162;6239;38976
5900;17321;6333;37896
6000;17560;6450;44103
6100;17782;6099;43784
6200;18777;6579;49328
6300;18955;6841;49536
6400;18970;6830;52289
6500;19268;7011;46359
6600;19610;6717;46430
6700;19893;6884;45336
6800;20332;7620;47716
6900;20815;7795;44734
7000;20990;6999;51062
7100;20777;7579;46679
7200;21359;7199;51742
7300;21652;7772;48603
7400;22312;7962;62347
7500;22470;7913;59243
7600;22718;8032;67432
7700;23081;8523;55186
7800;23040;7884;49543
7900;23741;8046;62952
8000;23707;8257;59740
8100;24803;8277;62639
8200;24637;8680;58656
8300;24940;8818;57256
8400;25475;9228;60114
8500;25337;9495;58991
8600;25947;9892;58802
8700;26138;9450;66828
8800;26581;9025;60633
8900;26920;9373;60487
9000;27552;9896;71425
9100;26986;9099;61361
9200;28132;9199;60861
9300;27951;9506;65205
9400;27872;10098;66424
9500;28895;9923;74494
9600;28750;11027;68195
9700;28664;10389;71638
9800;29685;11356;68882
9900;29902;11248;85339
10000;30254;11387;65465
10100;30869;10988;74376
10200;31159;11004;77348
10300;31141;11112;71719
10400;30969;10833;81178
10500;30866;10499;73586
10600;31904;11337;76993
10700;31692;10978;76310
10800;32291;11677;72524
10900;33260;11310;83818
11000;32531;12086;84155
11100;33157;11700;78244
11200;33923;11427;80107
11300;33688;12633;72166
11400;34389;12075;77291
11500;33987;12008;80980
11600;34648;11877;73212
11700;35408;11699;90118
11800;35603;12457;90044
11900;35525;12005;81090
12000;35267;13240;75106
12100;36841;12433;89925
12200;36151;13016;89518
12300;37238;12613;92814
12400;37549;13245;100327
12500;37485;12499;89418
12600;37204;13403;100151
12700;38433;12949;94180
12800;38349;12914;84206
12900;38817;12899;91601
13000;39036;13078;91467
13100;39679;13327;96358
13200;39941;14436;91726
13300;39267;14195;106482
13400;40706;14582;91072
13500;39863;15109;92246
13600;40346;14309;93607
13700;40226;14516;108385
13800;41505;14466;96945
13900;41942;15316;97055
14000;42607;14143;107468
14100;42444;14354;117528
14200;42527;15111;97880
14300;42670;14849;97135
14400;43531;16472;102530
14500;43434;14499;93573
14600;44033;15440;111150
14700;44387;15401;115631
14800;44704;15375;118607
14900;43864;15213;122007
15000;44442;15330;103496
15100;45375;15526;117896
15200;45390;17190;121692
15300;45174;16457;122219
15400;45934;15876;121987
15500;46983;15499;131758
15600;47532;16355;108605
15700;47457;17346;114293
15800;47496;16427;106962
15900;46871;16842;110721
16000;47023;16243;110706
16100;48563;16524;109571
16200;48619;18226;115020
16300;48640;17005;127549
16400;49092;18205;137263
16500;50162;18604;139702
16600;49977;17924;121388
16700;50444;17212;121332
16800;50390;17297;141855
16900;50498;18305;119897
17000;52261;18559;117445
17100;50811;19684;124002
17200;51967;18946;117404
17300;51294;18159;125339
17400;51469;18025;133032
17500;53408;19637;123050
17600;53159;19975;113389
17700;52314;19805;111043
17800;53074;19487;118447
17900;54123;19907;165004
18000;54011;18276;114446
18100;53209;18731;130363
18200;54046;18760;115447
18300;54298;18519;125614
18400;55674;19283;146695
18500;55326;21212;132646
18600;55989;19733;132826
18700;56016;21218;146464
18800;56352;19753;130095
18900;57529;19186;134855
19000;58394;19772;147696
19100;56380;20155;135307
19200;57847;20357;125977
19300;59232;22087;154779
19400;58046;21109;150776
19500;58375;20751;129002
19600;58387;20654;124668
19700;58747;19699;135272
19800;59450;20949;130298
19900;59477;20818;153158
20000;61076;21140;147121
20100;60095;22329;132915
20200;60250;20333;137358
20300;62005;21781;146647
20400;61087;20723;150448
20500;59952;21516;149233
20600;63037;21892;148257
20700;62088;21656;161733
20800;62615;22286;180041
20900;62812;22159;161310
21000;64083;23659;153136
21100;63754;21099;153495
21200;63619;21199;170457
21300;64190;22206;160290
21400;64804;24318;147637
21500;64809;22883;143989
21600;64302;21599;151941
21700;66375;23336;148011
21800;65447;22640;150405
21900;65056;24993;152265
22000;65237;23071;149331
22100;66600;23853;159032
22200;66709;23357;177055
22300;67711;24709;154313
22400;69115;25737;155723
22500;67476;24528;157060
22600;67977;23366;160957
22700;69182;24037;145706
22800;68300;25624;154433
22900;68058;24446;171519
23000;67989;25979;147391
23100;69772;26199;156877
23200;70254;23627;160717
23300;72167;24103;171800
23400;71018;24768;188850
23500;70234;23499;157310
23600;72254;25304;176265
23700;71105;24126;196642
23800;72671;25407;183400
23900;71353;24417;199789
24000;71732;25996;176484
24100;72883;26330;168443
24200;71906;26202;169648
24300;73470;26019;165533
24400;73066;25194;172617
24500;73661;26522;191574
24600;73572;27635;183226
24700;73923;25799;184396
24800;74368;25364;211210
24900;75434;26638;170119
25000;75056;27140;168633
25100;75168;27141;166734
25200;75283;27829;168722
25300;77903;26880;171005
25400;75371;26946;189517
25500;76725;29363;215726
25600;77313;26655;171865
25700;77509;26552;193649
25800;77294;26615;172778
25900;77495;27609;183355
26000;77661;28857;182513
26100;78267;27982;186758
26200;79075;28248;194788
26300;78218;27759;202000
26400;79705;26399;228469
26500;78396;28114;187970
26600;79005;27616;189279
26700;80888;29408;203998
26800;80303;29943;194054
26900;81572;27520;176001
27000;82270;28194;204208
27100;81744;29204;185656
27200;81743;30095;202471
27300;81847;30684;191594
27400;80868;29000;203827
27500;81278;30070;203158
27600;82442;30182;185087
27700;84515;30375;193418
27800;83835;29385;189070
27900;83926;30058;200000
28000;84265;30899;198678
28100;84610;28548;215846
28200;84632;30133;201672
28300;86274;31825;220141
28400;85191;29330;181646
28500;85791;28499;205344
28600;85784;30884;185500
28700;85491;28941;183712
28800;86618;29644;206292
28900;87862;30957;220892
29000;86681;30604;211981
29100;86475;30261;216889
29200;88653;31626;186160
29300;88568;30164;208065
29400;87816;31961;227627
29500;87845;31926;214641
29600;89068;32967;191703
29700;89252;32023;207560
29800;89123;33246;200139
29900;89533;30862;198526
30000;91973;31741;242100
30100;89876;33742;189570
30200;90455;30199;203027
30300;89601;36031;230085
30400;88921;33091;207137
30500;91549;30499;232278
30600;92944;33998;214582
30700;92522;32302;227094
30800;91405;34376;215291
30900;94104;31792;242028
31000;93717;34011;233324
31100;94668;35237;208384
31200;92480;32538;211065
31300;93975;32661;234329
31400;93156;33186;234905
31500;92847;36425;232148
31600;95401;33528;231122
31700;95885;35190;219625
31800;96091;36792;225965
31900;96756;34250;235746
32000;96337;37126;272068
32100;95531;33082;233378
32200;96742;34351;239393
32300;96825;35078;235355
32400;97730;33518;255129
32500;97418;33114;257705
32600;97228;35350;231872
32700;97267;36596;218825
32800;98646;34296;238353
32900;100094;32899;254592
33000;100951;36552;227433
33100;99769;37739;234357
33200;99548;35071;238634
33300;101098;36157;228063
33400;101589;35874;274375
33500;99516;37241;238704
33600;99578;36577;233646
33700;101013;36657;243932
33800;101352;35297;244435
33900;102650;35338;201848
34000;101387;35636;246061
34100;103828;35201;220762
34200;102407;35292;220670
34300;105040;36337;256446
34400;102778;39307;261651
34500;103508;37707;251804
34600;105296;36755;257861
34700;105420;36810;250843
34800;105247;36839;273846
34900;106522;36580;252066
35000;106697;36847;242584
35100;104594;36839;249381
35200;108634;37710;244297
35300;104065;36542;229911
35400;106726;36765;263375
35500;107195;39533;291031
35600;107195;38178;295180
35700;108510;38930;249582
35800;107484;38149;262706
35900;112110;38816;282392
36000;106325;39949;269831
36100;107005;36895;305375
36200;107960;42407;270191
36300;109815;37641;245598
36400;107163;41615;274168
36500;111236;40893;268659
36600;110157;38303;253419
36700;111060;41952;261790
36800;109748;38673;242774
36900;108796;39634;249469
37000;112653;42247;265115
37100;110728;40877;229361
37200;114008;41530;305501
37300;110549;41205;274751
37400;111025;39813;255578
37500;113327;40110;290318
37600;113382;41322;254857
37700;113922;39290;273752
37800;113087;40452;270609
37900;111708;40317;253479
38000;113837;40111;294847
38100;112197;40489;246487
38200;115556;39176;294362
38300;116720;40195;322091
38400;115908;42331;293275
38500;116931;41388;266018
38600;117406;41214;260374
38700;116882;41984;311492
38800;116221;45354;260395
38900;117538;41877;252311
39000;116752;43581;255314
39100;117909;43216;280869