1;2,92
2;11,6692
3;26,436692000000004
4;46,744366920000004
5;73,9274436692
6;106,07927443669199
7;144,7607927443669
8;188,6476079274437
9;238,50647607927442
10;295,0650647607927
11;356,7106506476079
12;424,80710650647615
13;498,1280710650647
14;578,3212807106506
15;663,0832128071065
16;754,7908321280711
17;851,4079083212807
18;955,1140790832128
19;1065,571140790832
20;1180,0357114079081
21;1301,140357114079
22;1427,371403571141
23;1560,5337140357117
24;1699,645337140357
25;1844,0164533714037
26;1995,3401645337142
27;2149,053401645337
28;2313,2705340164534
29;2481,4927053401643
30;2655,3349270534013
31;2837,373349270534
32;3023,9137334927054
33;3213,639137334927
34;3410,976391373349
35;3615,269763913733
36;3824,3126976391372
37;4039,923126976391
38;4260,699231269764
39;4489,686992312698
40;4722,756869923127
41;4960,107568699231
42;5205,441075686992
43;5457,614410756871
44;5714,556144107569
45;5979,345561441076
46;6244,47345561441
47;6517,7647345561445
48;6797,997647345562
49;7088,1999764734555
50;7379,841999764734
51;7676,9384199976475
52;7982,329384199977
53;8291,143293842
54;8608,93143293842
55;8929,769314329384
56;9256,957693143293
57;9592,529576931433
58;9931,825295769313
59;10274,878252957693
60;10625,728782529577
61;10987,237287825295
62;11344,012372878255
63;11715,580123728783
64;12090,135801237288
65;12470,141358012374
66;12860,241413580123
67;13251,882414135802
68;13648,538824141358
69;14046,645388241415
70;14460,586453882413
71;14879,565864538825
72;15306,435658645387
73;15728,164356586454
74;16172,921643565865
75;16602,22921643566
76;17051,942292164356
77;17498,839422921643
78;17954,048394229216
79;18423,460483942294
80;18891,174604839423
81;19363,511746048393
82;19842,415117460485
83;20329,144151174605
84;20825,911441511744
85;21320,779114415116
86;21831,94779114415
87;22345,97947791144
88;22862,499794779113
89;23386,00499794779
90;23912,860049979477
91;24447,948600499796
92;24984,539486005
93;25532,32539486005
94;26087,6632539486
95;26639,316632539485
96;27207,493166325396
97;27768,734931663257
98;28352,62734931663
99;28941,926273493165
100;29515,93926273493
101;30120,499392627346
102;30714,404993926273
103;31317,144049939263
104;31923,111440499393
105;32545,031114404992
106;33170,99031114405
107;33798,22990311144
108;34433,58229903111
109;35075,87582299031
110;35715,238758229905
111;36376,712387582294
112;37029,48712387582
113;37695,09487123876
114;38366,21094871239
115;39042,90210948712
116;39726,02902109487
117;40414,00029021095
118;41110,800002902106
119;41806,348000029015
120;42511,983480000294
121;43228,919834800006
122;43947,309198348
123;44665,85309198348
124;45395,07853091983
125;46133,0507853092
126;46864,39050785309
127;47605,04390507853
128;48364,97043905078
129;49126,869704390505
130;49897,308697043896
131;50660,95308697044
132;51433,22953086971
133;52222,4722953087
134;53000,32472295308
135;53805,50324722953
136;54604,11503247229
137;55401,48115032472
138;56229,134811503245
139;57036,29134811504
140;57867,162913481145
141;58691,69162913481
142;59524,09691629135
143;60370,960969162916
144;61213,989609691635
145;62057,679896096924
146;62930,73679896097
147;63795,28736798961
148;64659,35287367989
149;65540,2935287368
150;66425,64293528737
151;67315,55642935287
152;68213,75556429353
153;69108,35755564294
154;70018,74357555642
155;70928,64743575556
156;71837,70647435756
157;72768,75706474358
158;73699,24757064744
159;74620,31247570647
160;75575,30312475706
161;76521,13303124758
162;77476,89133031247
163;78439,38891330313
164;79391,73388913303
165;80380,37733889133
166;81355,30377338892
167;82329,3930377339
168;83326,71393037733
169;84318,36713930378
170;85322,78367139304
171;86315,98783671395
172;87336,21987836715
173;88353,56219878368
174;89374,45562198784
175;90397,30455621988
176;91446,65304556221
177;92486,88653045561
178;93540,18886530455
179;94599,26188865304
180;95648,95261888653
181;96719,88952618885
182;97797,55889526189
183;98869,47558895261
184;99952,67475588953
185;101047,9867475589
186;102129,7398674756
187;103234,99739867475
188;104349,06997398674
189;105443,41069973986
190;106571,9941069974
191;107701,79994106997
192;108835,6579994107
193;109963,77657999411
194;111117,09776579995
195;112257,830977658
196;113415,31830977657
197;114577,15318309776
198;115749,131531831
199;116902,5713153183
200;118089,52571315318
201;119279,89525713153
202;120457,13895257132
203;121673,93138952572
204;122858,51931389526
205;124059,30519313895
206;125292,05305193139
207;126509,96053051931
208;127723,15960530519
209;128971,09159605305
210;130209,37091596052
211;131430,6337091596
212;132687,4263370916
213;133940,7742633709
214;135202,2677426337
215;136472,04267742633
216;137753,86042677428
217;139012,39860426774
218;140311,18398604268
219;141595,5118398604
220;142891,4951183986
221;144182,394951184
222;145502,26394951183
223;146815,02263949512
224;148133,85022639495
225;149469,27850226394
226;150787,39278502262
227;152122,97392785022
228;153477,7097392785
229;154831,7170973928
230;156179,8971709739
231;157548,47897170973
232;158915,34478971708
233;160273,37344789717
234;161658,61373447897
235;163048,0061373448
236;164431,60006137344
237;165856,27600061373
238;167237,78276000614
239;168646,75782760006
240;170050,727578276
241;171476,72727578276
242;172910,3072727578
243;174335,42307272757
244;175762,67423072725
245;177232,84674230727
246;178674,3684674231
247;180121,48368467425
248;181587,47483684673
249;183067,3747483685
250;184521,4137474837
251;185983,45413747482
252;187486,35454137475
253;188959,14354541377
254;190469,75143545412
255;191976,35751435455
256;193493,10357514356
257;194990,97103575143
258;196523,40971035752
259;198042,15409710354
260;199572,36154097103
261;201123,84361540974
262;202681,3984361541
263;204210,99398436156
264;205775,70993984363
265;207338,89709939845
266;208889,588970994
267;210464,93588970997
268;212051,0293588971
269;213637,29029358897
270;215224,3529029359
271;216809,58352902933
272;218433,4158352903
273;220031,89415835292
274;221650,71894158353
275;223255,28718941583
276;224889,21287189415
277;226532,17212871893
278;228181,9617212872
279;229810,65961721286
280;231472,26659617212
281;233109,8426659617
282;234757,65842665962
283;236451,45658426656
284;238136,25456584268
285;239822,76254565842
286;241497,1876254566
287;243223,99187625456
288;244895,37991876257
289;246585,9737991876
290;248301,19973799188
291;249983,25199737994
292;251750,29251997382
293;253466,9029251997
294;255202,689029252
295;256928,22689029254
296;258678,96226890292
297;260429,18962268904
298;262194,1518962269
299;263949,18151896226
300;265720,85181518964
301;267487,9685181519
302;269291,4596851815
303;271069,5145968518
304;272844,3351459685
305;274639,6833514597
306;276462,2368335146
307;278259,7023683351
308;280085,4170236833
309;281890,0341702368
310;283741,04034170235
311;285549,390403417
312;287401,05390403414
313;289223,8905390403
314;291074,8389053904
315;292967,0083890539
316;294813,1900838906
317;296680,45190083893
318;298564,3245190084
319;300437,9032451901
320;302334,8990324519
321;304227,8689903245
322;306109,01868990326
323;308043,45018689905
324;309932,914501869
325;311848,26914501865
326;313793,1826914502
327;315703,7718269145
328;317625,77771826915
329;319580,8977771827
330;321517,76897777186
331;323472,1376897777
332;325423,5013768978
333;327405,775013769
334;329364,7377501377
335;331353,0473775014
336;333294,19047377503
337;335320,6819047377
338;337286,4868190473
339;339307,1648681904
340;341297,0516486819
341;343324,27051648684
342;345336,60270516487
343;347339,36602705164
344;349377,7936602705
345;351402,29793660267
346;353429,402979366
347;355506,1540297937
348;357567,6815402979
349;359610,976815403
350;361690,22976815404
351;363759,6422976816
352;365807,4764229769
353;367889,6347642298
354;369977,2963476423
355;372065,3929634764
356;374190,0339296348
357;376286,5003392963
358;378408,105003393
359;380522,0210500339
360;382659,80021050037
361;384761,15800210496
362;386903,4915800211
363;389040,9949158002
364;391183,14994915796
365;393334,43149949156
366;395503,66431499494
367;397653,05664314993
368;399844,0705664315
369;402013,4207056643
370;404201,2542070566
371;406392,1725420706
372;408591,8817254207
373;410764,83881725423
374;412974,7283881725
375;415205,7072838817
376;417374,27707283886
377;419634,18277072837
378;421865,7418277073
379;424108,3174182771
380;426365,42317418277
381;428588,21423174185
382;430827,90214231744
383;433119,17902142316
384;435349,5117902143
385;437649,1351179022
386;439906,03135117906
387;442209,0003135118
388;444464,1700031351
389;446750,9617000313
390;449052,3496170003
391;451380,2834961701
392;453676,1028349617
393;455983,5010283496
394;458325,3350102835
395;460657,47335010284
396;463002,07473350107
397;465332,980747335
398;467681,50980747334
399;470037,77509807475
400;472385,4177509807
401;474774,7741775098
402;477102,9477417751
403;479546,14947741776
404;481892,44149477425
405;484301,9244149478
406;486663,7392441495
407;489068,9973924415
408;491478,4299739245
409;493894,22429973923
410;496308,8222429974
411;498729,18822242995
412;501176,9118822243
413;503613,88911882223
414;506032,8388911882
415;508481,20838891185
416;510939,5320838891
417;513409,1553208389
418;515856,4915532084
419;518356,1449155321
420;520809,3014491554
421;523301,3730144916
422;525777,173730145
423;528286,3717373015
424;530779,123717373
425;533308,9912371738
426;535787,1499123718
427;538334,4114991237
428;540817,2841149913
429;543374,3728411499
430;545908,0837284115
431;548437,7208372841
432;550979,5972083728
433;553541,4359720837
434;556144,0543597208
435;558678,0205435972
436;561255,9002054359
437;563838,1990020543
438;566422,3019900206
439;569007,9230199002
440;571584,459230199
441;574158,524592302
442;576795,8852459231
443;579422,3188524592
444;582022,1031885245
445;584680,5210318852
446;587297,3252103189
447;589930,8332521032
448;592530,3883325211
449;595217,4438833252
450;597894,4544388333
451;600549,9245443883
452;603211,7192454438
453;605874,9171924544
454;608565,4291719246
455;611255,4542917192
456;613919,2145429172
457;616608,3121454292
458;619347,7631214543
459;622047,0576312146
460;624769,2505763122
461;627461,8925057631
462;630215,3189250577
463;632935,6331892505
464;635658,4363318925
465;638405,3843633189
466;641142,7338436332
467;643887,6273384363
468;646659,2362733844
469;649403,1523627338
470;652232,8915236273
471;654973,6889152363
472;657761,0568891524
473;660517,1705688916
474;663367,4117056889
475;666155,8941170569
476;668960,7589411705
477;671781,8275894118
478;674580,4982758941
479;677441,2849827589
480;680260,1728498276
481;683131,0817284983
482;685934,470817285
483;688794,2647081729
484;691626,3226470818
485;694461,2232264708
486;697354,2922322648
487;700211,0229223226
488;703141,9102292232
489;706008,4191022922
490;708900,684191023
491;711773,8068419102
492;714675,1980684191
493;717576,5919806841
494;720506,4859198068
495;723418,664859198
496;726334,306648592
497;729287,6830664858
498;732233,0968306649
499;735147,6509683067
500;738110,0565096831
501;741097,8005650968
502;744023,0980056509
503;746987,3909800565
504;750013,3939098007
505;752944,013939098
506;755963,220139391
507;758960,4122013939
508;761933,9841220139
509;764932,7398412201
510;767967,3273984123
511;770989,5932739842
512;773970,0359327398
513;777025,6603593274
514;780024,8766035932
515;783070,1087660359
516;786117,5810876604
517;789195,5558108767
518;792199,9355581087
519;795278,7393555811
520;798341,2273935558
521;801424,0522739355
522;804497,0205227393
523;807583,0702052275
524;810686,6107020522
525;813796,9261070206
526;816902,2092610702
527;819972,4620926108
528;823086,564620926
529;826212,0656462093
530;829360,100656462
531;832524,4610065647
532;835575,5446100656
533;838771,4354461007
534;841937,194354461
535;845036,1319435446
536;848249,5413194356
537;851409,9354131944
538;854607,979354132
539;857743,2997935413
540;860948,7929979354
541;864157,8879299792
542;867344,0588792998
543;870581,000588793
544;873740,390005888
545;876954,7639000588
546;880166,0076390005
547;883396,9400763899
548;886619,4094007638
549;889900,2940940076
550;893143,5429409401
551;896401,9154294095
552;899638,2791542942
553;902909,902791543
554;906161,8790279154
555;909444,3187902792
556;912733,0831879028
557;916043,2308318791
558;919307,9723083187
559;922610,9197230833
560;925934,8691972308
561;929209,7086919723
562;932534,0770869197
563;935830,1807708693
564;939167,5218077088
565;942514,175218077
566;945880,4017521808
567;949224,6040175217
568;952548,5060401752
569;955861,0250604018
570;959274,610250604
571;962608,5661025061
572;966037,9256610251
573;969382,0592566102
574;972740,6805925661
575;976206,5268059256
576;979558,1452680592
577;982941,6614526805
578;986387,5166145269
579;989747,2551661453
580;993233,4125516615
581;996631,1741255167
582;1000077,8917412552
583;1003526,2389174125
584;1006981,9023891741
585;1010448,8190238917
586;1013894,5281902389
587;1017318,8452819024
588;1020783,288452819
589;1024325,0528845282
590;1027776,6905288452
591;1031309,1669052884
592;1034752,3716690529
593;1038234,2637166906
594;1041762,322637167
595;1045276,7832263717
596;1048775,6878322638
597;1052258,0368783227
598;1055828,320368783
599;1059364,8032036878
600;1062910,748032037
601;1066381,0074803203
602;1070010,7100748033
603;1073519,0671007482
604;1077148,4706710074
605;1080724,44470671
606;1084303,5444470672
607;1087832,1954444707
608;1091404,5219544447
609;1095005,5252195445
610;1098646,8952521954
611;1102273,128952522
612;1105822,3912895252
613;1109455,9039128954
614;1113050,319039129
615;1116711,4631903914
616;1120311,054631904
617;1124007,2105463191
618;1127660,0921054631
619;1131222,9009210547
620;1134961,4890092104
621;1138615,614890092
622;1142293,856148901
623;1145919,898561489
624;1149665,598985615
625;1153324,975989856
626;1157030,2297598985
627;1160714,342297599
628;1164424,643422976
629;1168108,9664342299
630;1171860,4696643422
631;1175561,2846966432
632;1179299,0728469663
633;1183045,7707284696
634;1186786,8577072846
635;1190539,648577073
636;1194273,7564857707
637;1198026,7575648578
638;1201827,7275756486
639;1205510,5372757565
640;1209389,9253727577
641;1213171,5392537275
642;1216954,5353925372
643;1220697,4453539255
644;1224519,9144535393
645;1228314,8391445354
646;1232125,0883914453
647;1235951,5108839145
648;1239775,435108839
649;1243624,2343510883
650;1247442,4023435109
651;1251256,784023435
652;1255131,0478402344
653;1258951,1904784024
654;1262850,591904784
655;1266668,6659190478
656;1270599,5466591904
657;1274449,0554665918
658;1278313,530554666
659;1282183,6553055467
660;1286106,6165530556
661;1289975,0061655305
662;1293898,6900616554
663;1297826,8669006166
664;1301799,3686690063
665;1305694,11368669
666;1309625,0811368667
667;1313483,0908113688
668;1317514,5309081138
669;1321422,445309081
670;1325411,4644530907
671;1329325,914644531
672;1333279,1991464454
673;1337282,3119914646
674;1341257,1231199147
675;1345252,4312311993
676;1349247,3843123121
677;1353200,2138431233
678;1357178,7021384311
679;1361226,2270213843
680;1365251,3222702139
681;1369263,0932227022
682;1373319,630932227
683;1377297,536309322
684;1381298,3153630933
685;1385389,263153631
686;1389435,9926315362
687;1393501,4399263156
688;1397563,8943992632
689;1401588,9989439927
690;1405730,8099894398
691;1409812,4080998944
692;1413788,724080999
693;1417961,2672408097
694;1422031,4726724082
695;1426209,554726724
696;1430232,2955472672
697;1434342,2229554728
698;1438453,0222295546
699;1442621,0302222956
700;1446671,470302223
701;1450902,4347030222
702;1455026,9043470302
703;1459163,0090434703
704;1463351,8500904345
705;1467533,7785009043
706;1471624,6577850091
707;1475807,90657785
708;1480001,0790657785
709;1484119,4707906577
710;1488386,5747079065
711;1492541,8857470793
712;1496739,2988574707
713;1500973,0529885748
714;1505193,970529886
715;1509437,5597052989
716;1513648,275597053
717;1517834,1427559704
718;1522049,08142756
719;1526381,8108142756
720;1530612,9581081427
721;1534843,0295810814
722;1539086,6102958107
723;1543433,366102958
724;1547704,4736610297
725;1551930,5647366103
726;1556208,825647366
727;1560477,8882564735
728;1564788,278882565
729;1569088,1827888256
730;1573380,8218278883
731;1577709,7282182788
732;1582043,2172821828
733;1586361,5921728218
734;1590729,5959217283
735;1595048,6159592173
736;1599395,4261595923
737;1603766,614261596
738;1608058,386142616
739;1612438,903861426
740;1616814,3690386144
741;1621202,7836903862
742;1625590,047836904
743;1629962,840478369
744;1634348,4484047836
745;1638737,864484048
746;1643131,3186448405
747;1647564,0731864483
748;1651964,5607318645
749;1656401,4856073186
750;1660857,7548560733
751;1665258,6375485607
752;1669690,9063754857
753;1674091,7890637547
754;1678551,1378906376
755;1683021,4313789064
756;1687465,414313789
757;1691934,1741431379
758;1696416,6617414313
759;1700913,1266174144
760;1705385,6712661744
761;1709847,6767126617
762;1714365,8767671266
763;1718900,9187676713
764;1723407,029187677
765;1727880,5302918768
766;1732413,7453029188
767;1736932,7174530292
768;1741473,6271745304
769;1745942,1962717453
770;1750609,6819627176
771;1755087,6768196272
772;1759650,0167681961
773;1764258,8001676819
774;1768836,3480016768
775;1773346,3234800166
776;1777865,4232348
777;1782524,8542323478
778;1787087,5085423235
779;1791715,3950854233
780;1796302,7539508543
781;1800911,7475395086
782;1805545,6574753951
783;1810189,116574754
784;1814794,8311657477
785;1819347,0883116573
786;1824053,3308831167
787;1828732,093308831
788;1833333,0209330884
789;1837974,0702093309
790;1842664,4807020933
791;1847347,404807021
792;1851969,6340480703
793;1856673,9363404808
794;1861341,199363405
795;1866068,731993634
796;1870798,507319936
797;1875442,3850731992
798;1880176,943850732
799;1884870,6894385072
800;1889674,7668943852
801;1894352,087668944
802;1899061,2208766895
803;1903787,472208767
804;1908550,2747220877
805;1913309,802747221
806;1918040,1180274722
807;1922769,8611802747
808;1927585,0386118027
809;1932354,370386118
810;1937231,6437038612
811;1941924,6764370387
812;1946728,1467643701
813;1951528,5814676436
814;1956329,4458146763
815;1961136,3144581467
816;1965967,3831445812
817;1970722,493831446
818;1975632,8649383145
819;1980461,2286493832
820;1985244,1322864937
821;1990148,221322865
822;1995033,8622132286
823;1999803,5586221323
824;2004649,1155862212
825;2009612,3311558622
826;2014467,9033115588
827;2019327,4590331155
828;2024249,2145903313
829;2029063,5521459035
830;2033975,115521459
831;2038959,5711552147
832;2043800,0957115523
833;2048711,9209571155
834;2053651,419209571
835;2058572,5541920958
836;2063500,925541921
837;2068520,1892554194
838;2073340,4018925542
839;2078349,3240189254
840;2083277,6932401892
841;2088305,636932402
842;2093273,316369324
843;2098233,7531636935
844;2103168,457531637
845;2108150,9445753163
846;2113169,169445753
847;2118133,9516944573
848;2123182,0195169444
849;2128150,9801951693
850;2133215,2898019515
851;2138243,8328980193
852;2143232,3583289804
853;2148363,14358329
854;2153328,331435833
855;2158348,523314358
856;2163440,5652331435
857;2168489,1456523314
858;2173519,4114565235
859;2178619,934114565
860;2183711,199341146
861;2188777,7919934113
862;2193892,497919934
863;2198979,5849791993
864;2204034,055849792
865;2209151,980558498
866;2214282,579805585
867;2219453,3457980556
868;2224536,053457981
869;2229635,0005345796
870;2234765,390005346
871;2239941,2139000534
872;2245019,6321390006
873;2250236,69632139
874;2255319,226963214
875;2260537,252269632
876;2265684,152522696
877;2270842,321525227
878;2276026,523215252
879;2281241,625232152
880;2286482,7162523214
881;2291649,127162523
882;2296795,931271625
883;2302102,2993127163
884;2307262,4829931273
885;2312466,084829931
886;2317682,820848299
887;2323013,788208483
888;2328214,2378820847
889;2333469,562378821
890;2338749,175623788
891;2343934,731756238
892;2349243,107317562
893;2354456,1110731754
894;2359848,8811107315
895;2365009,9288111073
896;2370321,439288111
897;2375595,854392881
898;2380955,8185439287
899;2386251,2781854393
900;2391586,2727818545
901;2396862,3427278185
902;2402213,703427278
903;2407578,5570342727
904;2412861,2255703425
905;2418219,9522557035
906;2423532,679522557
907;2428911,5067952257
908;2434215,015067952
909;2439589,5901506795
910;2444958,015901507
911;2450431,660159015
912;2455763,9166015903
913;2461088,999166016
914;2466525,62999166
915;2471941,3562999163
916;2477386,133562999
917;2482728,9213356297
918;2488137,5492133563
919;2493562,5754921334
920;2499035,1457549213
921;2504491,9314575493
922;2509939,4593145754
923;2515371,134593146
924;2520804,9713459313
925;2526296,0897134594
926;2531764,1808971344
927;2537194,421808971
928;2542670,3442180897
929;2548166,7634421806
930;2553563,567634422
931;2559181,895676344
932;2564673,2989567635
933;2570195,9729895676
934;2575673,4797298955
935;2581109,234797299
936;2586710,012347973
937;2592274,3201234797
938;2597797,323201235
939;2603317,3532320126
940;2608890,4335323204
941;2614438,6643353235
942;2620005,7866433533
943;2625562,4978664336
944;2631024,9049786646
945;2636627,2490497865
946;2642293,912490498
947;2647900,1191249047
948;2653532,441191249
949;2659086,0044119125
950;2664699,500044119
951;2670271,335000441
952;2675846,5733500044
953;2681592,6457335
954;2687050,7864573346
955;2692739,727864573
956;2698435,4772786456
957;2704057,0547727863
958;2709722,730547728
959;2715380,5673054773
960;2721097,6456730543
961;2726627,6364567303
962;2732412,4563645674
963;2738149,7645636457
964;2743737,6576456367
965;2749522,7165764566
966;2755225,0471657645
967;2760843,6304716575
968;2766596,1363047166
969;2772295,1413630475
970;2778036,99141363
971;2783769,609914136
972;2789541,3560991413
973;2795231,313560991
974;2800995,3931356096
975;2806726,593931356
976;2812477,505939313
977;2818268,615059393
978;2824047,426150594
979;2829839,6142615057
980;2835577,416142615
981;2841355,654161426
982;2847168,8565416145
983;2852999,4485654165
984;2858848,3144856542
985;2864632,383144857
986;2870497,2838314488
987;2876278,672838315
988;2882140,926728383
989;2887878,709267284
990;2893804,6470926725
991;2899620,886470927
992;2905493,048864709
993;2911387,470488647
994;2917240,974704887
995;2923125,8297470487
996;2928963,5382974707
997;2934882,415382975
998;2940837,04415383
999;2946653,3504415383
1000;2952499,8335044156