n;OSSelect;Select;RandSelect
5;2.5;9;6
6;2.84;11;8
7;2.77;14;10
8;2.88;18;12
9;3.39;24;15
10;4.39;26;17
11;3.54;34;18
12;3.7;47;24
13;5.44;45;25
14;4.89;51;25
15;5.65;53;31
16;4.39;57;33
17;4.62;56;35
18;5.89;60;36
19;4.64;69;41
20;5.92;83;44
21;5.52;88;44
22;5.42;111;48
23;6.1;114;52
24;6.5;119;51
25;5.97;131;54
26;5.83;127;57
27;7.32;132;62
28;5.96;149;64
29;7.56;149;67
30;6.99;156;69
31;7.42;164;74
32;6.17;181;79
33;6.84;191;80
34;7.29;192;76
35;7.09;200;81
36;6.77;211;88
37;7.55;225;82
38;8.74;237;88
39;7.74;246;95
40;8.36;239;105
41;8.16;258;99
42;7.72;255;105
43;8.47;259;107
44;7.79;263;107
45;8.94;269;109
46;8.56;283;114
47;8.6;286;125
48;9.32;287;126
49;9.89;299;119
50;8.89;309;134
51;8.77;332;125
52;11.15;341;132
53;9.87;365;139
54;9.5;360;150
55;10.7;370;141
56;8.92;379;144
57;8.74;352;153
58;10.11;355;145
59;11.93;367;156
60;9.61;413;159
61;10.34;435;153
62;11.51;436;157
63;10.96;449;164
64;10.69;451;172
65;11.05;476;169
66;11.45;481;170
67;9.99;474;193
68;13.07;485;171
69;11.56;488;183
70;12.21;496;188
71;9.58;457;195
72;11.83;522;199
73;11.57;528;188
74;13.37;538;204
75;11.56;537;194
76;11.35;551;195
77;12.46;571;208
78;11.54;564;222
79;14.68;577;210
80;14.45;590;204
81;11.24;624;220
82;12.77;662;219
83;12.5;638;223
84;14.38;658;234
85;14.14;675;217
86;15.09;663;227
87;14.34;664;230
88;13.82;702;238
89;12.62;735;231
90;13.01;703;230
91;12.99;757;269
92;13.64;704;259
93;15.37;778;258
94;12.75;710;267
95;14.58;722;265
96;15.32;752;256
97;14.3;794;274
98;14.42;818;257
99;13.47;850;266
100;14.05;832;267
101;15.32;872;280
102;15.91;874;279
103;14.11;899;290
104;16.3;884;283
105;15.02;900;279
106;14.68;873;285
107;14.29;841;294
108;16.63;843;287
109;16.28;855;284
110;14.79;871;283
111;15.94;999;289
112;17.48;964;311
113;17.6;946;307
114;16.51;966;337
115;14.83;978;313
116;15.31;954;317
117;16.68;987;312
118;17.23;1005;318
119;17.49;1026;321
120;15.57;1024;324
121;16.46;952;335
122;15.8;1078;333
123;18.15;1083;341
124;18.28;1126;331
125;18.21;1148;335
126;17.31;1164;332
127;15.68;1220;363
128;18.18;1178;336
129;18.64;1264;352
130;19.72;1220;352
131;16.84;1238;394
132;18.74;1374;365
133;20.61;1379;376
134;16.49;1372;366
135;18.6;1362;363
136;18.38;1297;384
137;22.3;1399;361
138;18.24;1414;412
139;19.22;1438;365
140;19.02;1405;395
141;18.8;1364;404
142;25.12;1325;389
143;21.34;1283;395
144;21.2;1295;398
145;19.37;1482;395
146;19.35;1316;408
147;19.94;1475;404
148;18.9;1484;416
149;22.76;1420;440
150;18.79;1492;421
151;20.33;1544;420
152;20.49;1518;421
153;21.89;1542;437
154;18.04;1531;436
155;19.61;1526;424
156;20.51;1532;434
157;20.74;1398;447
158;20.57;1382;439
159;22.52;1390;428
160;19.71;1404;454
161;19.63;1576;470
162;22.12;1458;448
163;22.19;1490;462
164;20.84;1548;486
165;23.53;1517;495
166;20.52;1494;489
167;23.72;1705;466
168;22.37;1615;513
169;23.0;1629;444
170;25.11;1654;493
171;26.92;1447;470
172;23.47;1654;487
173;22.54;1696;463
174;24.81;1691;517
175;22.91;1690;513
176;23.75;1693;502
177;22.82;1760;517
178;21.59;1757;494
179;22.29;1804;545
180;21.83;1799;534
181;23.23;1884;499
182;21.71;1944;507
183;24.23;2026;537
184;24.91;1959;494
185;26.61;1929;491
186;26.77;2008;521
187;23.25;2079;506
188;27.81;2064;533
189;23.74;2121;573
190;28.93;2025;542
191;24.9;2048;529
192;23.21;1892;560
193;25.1;1966;537
194;25.34;1892;543
195;27.53;1982;558
196;26.51;1874;539
197;25.95;2240;539
198;24.88;2198;560
199;24.88;2342;588
200;25.32;2200;563
201;24.84;2146;554
202;29.68;2388;554
203;31.67;2299;578
204;26.6;2297;590
205;26.97;2317;594
206;26.86;2072;584
207;27.97;1943;597
208;28.31;1975;556
209;29.01;1966;587
210;28.1;2004;583
211;27.1;2186;582
212;26.06;2094;580
213;26.67;2064;604
214;28.27;2201;584
215;26.78;2067;648
216;32.05;2141;576
217;31.75;2159;579
218;28.73;2166;606
219;28.41;2214;626
220;31.4;2212;601
221;28.94;2090;630
222;27.19;2412;636
223;26.44;2383;623
224;29.6;2397;640
225;29.93;2409;626
226;25.96;2329;639
227;29.82;2465;657
228;27.76;2486;635
229;30.67;2514;641
230;29.48;2523;664
231;29.05;2626;675
232;34.72;2781;676
233;30.42;2560;665
234;34.23;2781;644
235;31.47;2741;633
236;29.06;2831;661
237;32.92;2832;690
238;33.04;2832;701
239;29.5;2888;708
240;29.0;2818;708
241;27.88;2872;685
242;33.05;2538;678
243;28.33;2636;687
244;31.61;2566;698
245;31.91;2641;741
246;30.07;2688;730
247;29.81;2985;697
248;29.72;2965;741
249;31.8;2935;707
250;32.12;2784;685
251;36.49;2905;691
252;34.91;2999;715
253;33.17;3023;720
254;33.06;3067;735
255;31.69;2969;723
256;31.52;2763;700
257;30.4;2583;718
258;31.59;2578;755
259;35.03;2623;775
260;30.39;2860;728
261;33.06;2793;771
262;36.4;2707;750
263;33.69;2763;761
264;37.63;2724;754
265;34.94;2741;727
266;37.56;2726;768
267;38.66;2859;736
268;36.68;2852;780
269;39.17;3071;740
270;31.29;2897;793
271;34.8;2639;802
272;32.04;3165;808
273;35.49;3059;814
274;32.89;3116;785
275;33.27;3243;772
276;33.43;3138;829
277;35.31;3352;771
278;36.59;3345;798
279;32.93;3301;790
280;36.11;3304;853
281;34.84;3347;850
282;36.77;3433;799
283;34.82;3439;852
284;36.43;3471;793
285;33.47;3385;822
286;36.27;3180;888
287;37.28;3202;857
288;33.74;3240;810
289;35.52;3310;851
290;36.22;3286;838
291;38.03;3347;806
292;35.23;3086;872
293;39.28;3091;845
294;41.68;3092;841
295;35.41;3136;844
296;36.66;3180;900
297;36.17;3331;889
298;42.1;3435;819
299;37.12;3477;871
300;41.26;3400;883
301;35.07;3478;876
302;45.09;3493;865
303;42.31;3543;905
304;37.75;3517;859
305;43.1;3616;883
306;39.2;3500;940
307;35.89;3297;939
308;39.56;3270;927
309;39.13;3461;863
310;37.6;3468;873
311;36.91;3542;895
312;37.01;3403;909
313;44.27;3469;908
314;41.73;3379;907
315;40.05;3497;934
316;44.9;3643;883
317;37.19;3481;915
318;48.1;3525;921
319;37.26;3782;934
320;37.35;3528;926
321;37.51;3276;959
322;45.23;3552;902
323;40.98;3800;951
324;45.93;3768;989
325;40.0;3547;868
326;39.29;3911;924
327;38.21;3833;945
328;41.41;3868;948
329;40.35;3979;986
330;37.05;3846;957
331;42.98;4079;928
332;42.66;4091;931
333;41.57;4080;926
334;45.41;4038;980
335;39.84;4074;1007
336;39.75;4034;956
337;49.77;4121;972
338;46.7;4258;953
339;39.74;4317;1004
340;52.19;4246;916
341;41.68;4356;997
342;39.05;4187;1017
343;44.82;3857;985
344;41.06;3927;990
345;46.65;4077;961
346;43.13;3931;974
347;46.36;4274;981
348;44.24;4266;949
349;41.1;4275;1064
350;42.46;4323;961
351;47.7;4298;1021
352;42.45;4450;1043
353;45.13;4479;956
354;46.14;4494;959
355;46.17;4514;991
356;50.03;4083;1024
357;44.56;3941;1013
358;45.8;3912;1026
359;44.85;3888;1065
360;43.46;3959;1031
361;46.28;4374;983
362;49.99;4115;1100
363;45.85;4277;1075
364;47.42;4259;1051
365;43.29;4150;1081
366;48.38;4209;1045
367;47.09;4510;1115
368;43.28;4275;1081
369;45.05;4246;1120
370;52.47;4281;1061
371;50.95;3968;1140
372;42.45;4868;1098
373;50.96;4874;1082
374;44.92;4847;1053
375;42.01;4649;1066
376;46.64;4868;1110
377;50.64;4864;1053
378;50.31;4881;1058
379;51.65;5128;1057
380;47.67;5063;1150
381;46.58;5193;1072
382;57.2;4966;1123
383;46.98;5101;1119
384;45.59;5262;1120
385;50.72;5207;1063
386;48.28;5073;1146
387;54.88;5254;1144
388;48.45;5239;1159
389;48.66;5285;1104
390;48.03;5326;1101
391;49.97;5599;1127
392;52.03;4617;1124
393;50.03;4632;1131
394;46.06;5373;1158
395;47.62;4712;1258
396;49.49;5003;1125
397;54.92;5303;1137
398;52.39;5424;1181
399;54.02;5355;1147
400;47.63;5464;1207
401;49.65;5437;1149
402;54.0;5595;1139
403;54.25;5338;1126
404;51.14;5631;1275
405;52.16;5494;1201
406;47.94;5047;1162
407;47.36;5005;1159
408;47.26;4727;1114
409;46.68;5005;1171
410;53.63;4797;1202
411;47.71;5167;1253
412;51.08;5007;1184
413;56.41;4749;1212
414;53.64;4742;1252
415;50.02;4705;1228
416;53.56;4771;1201
417;50.15;5358;1198
418;56.65;5479;1222
419;56.47;5056;1182
420;50.78;5152;1221
421;52.75;4806;1189
422;57.08;5567;1249
423;49.12;5630;1261
424;57.76;5466;1192
425;53.57;5758;1258
426;49.39;5692;1197
427;52.61;5627;1198
428;55.58;5899;1148
429;50.15;5647;1284
430;49.79;5926;1280
431;53.95;5876;1164
432;51.19;5831;1264
433;53.95;5909;1294
434;61.46;5657;1238
435;50.52;5936;1255
436;52.33;5916;1195
437;55.83;6074;1244
438;53.39;5964;1216
439;54.64;6113;1294
440;54.5;6157;1242
441;54.92;6152;1292
442;56.09;5742;1224
443;55.92;5936;1350
444;57.25;5584;1260
445;58.04;5776;1314
446;53.81;6193;1243
447;58.22;6218;1356
448;56.54;6202;1245
449;53.79;5945;1382
450;58.94;6235;1307
451;58.06;6068;1349
452;57.93;6090;1305
453;55.92;6193;1333
454;59.47;6347;1289
455;52.75;6190;1319
456;59.01;6152;1378
457;55.05;5476;1309
458;57.49;5323;1279
459;59.04;5317;1374
460;56.49;5362;1417
461;59.66;5884;1363
462;55.96;5499;1356
463;52.2;5591;1291
464;55.97;5537;1407
465;54.27;5827;1428
466;54.27;5557;1337
467;57.73;5945;1355
468;58.11;5969;1383
469;56.06;6173;1322
470;62.2;5955;1421
471;65.2;5132;1349
472;56.75;5698;1360
473;66.2;5624;1329
474;60.79;6001;1415
475;61.86;5786;1399
476;59.4;5884;1354
477;57.49;5976;1373
478;57.78;6162;1446
479;66.69;6067;1430
480;66.51;6598;1417
481;62.23;6423;1351
482;62.46;6769;1381
483;66.62;6475;1420
484;63.46;6603;1367
485;59.13;6547;1529
486;67.1;6934;1431
487;62.99;6893;1430
488;63.59;6583;1461
489;74.7;6999;1438
490;59.5;6565;1398
491;59.14;7031;1391
492;61.26;6322;1444
493;57.23;6174;1423
494;61.96;6182;1353
495;60.06;6149;1417
496;68.41;6257;1397
497;64.29;6913;1466
498;62.73;7099;1454
499;63.92;6919;1389
500;68.69;6765;1387
501;68.93;7099;1452
502;63.77;6892;1447
503;71.32;7101;1539
504;58.72;7068;1392
505;70.23;7067;1406
506;61.63;6607;1473
507;69.48;6180;1390
508;61.12;6529;1553
509;63.32;6609;1526
510;72.87;6077;1451
511;67.84;6811;1635
512;75.02;6298;1407
513;65.1;6395;1415
514;66.75;6496;1397
515;62.56;6376;1424
516;68.1;6194;1441
517;71.74;6645;1441
518;65.26;6850;1571
519;62.63;6510;1462
520;61.91;7461;1510
521;64.66;5868;1622
522;73.67;6922;1472
523;59.67;6761;1543
524;84.99;6735;1555
525;64.56;7242;1488
526;70.9;6916;1561
527;68.31;7341;1633
528;72.93;6977;1490
529;64.54;7522;1596
530;69.42;7364;1514
531;63.9;7399;1633
532;69.76;7521;1609
533;63.6;7428;1665
534;61.28;7497;1612
535;71.69;7375;1625
536;66.72;7300;1597
537;68.45;6950;1595
538;65.1;7257;1557
539;68.78;7324;1600
540;76.4;7062;1539
541;76.59;7442;1597
542;65.24;6628;1661
543;63.86;7216;1593
544;65.27;6511;1553
545;72.41;7349;1604
546;65.19;6721;1513
547;68.76;7246;1513
548;73.79;7237;1562
549;63.36;7287;1609
550;77.22;7244;1668
551;81.85;7247;1571
552;72.06;7462;1591
553;66.48;7429;1645
554;69.45;7501;1658
555;77.33;7417;1564
556;71.51;7541;1561
557;67.73;6702;1578
558;70.79;6861;1632
559;68.76;6838;1656
560;72.56;6804;1661
561;71.4;7846;1638
562;67.62;7131;1688
563;72.6;7070;1723
564;77.7;7477;1684
565;76.51;7208;1760
566;80.16;7245;1586
567;72.78;7371;1661
568;74.57;7799;1706
569;71.97;7451;1721
570;74.69;8231;1726
571;79.52;6474;1665
572;75.0;7121;1654
573;73.48;7195;1693
574;66.27;7285;1653
575;71.18;7160;1700
576;67.42;7928;1716
577;74.29;7502;1665
578;72.39;7541;1726
579;84.64;7375;1608
580;71.86;7315;1616
581;77.69;7606;1721
582;76.15;8014;1704
583;74.39;7687;1720
584;75.41;7984;1739
585;69.75;7932;1653
586;81.05;8465;1785
587;77.63;8306;1742
588;77.34;8206;1687
589;84.18;8642;1744
590;75.97;8608;1827
591;79.96;8747;1726
592;81.47;7442;1874
593;74.54;7546;1701
594;71.18;8184;1733
595;78.65;8474;1702
596;79.14;7744;1705
597;90.06;8389;1733
598;73.97;8352;1773
599;70.82;8619;1796
600;76.7;8623;1787
601;77.17;8673;1774
602;74.67;8829;1781
603;80.78;8625;1672
604;73.65;8704;1699
605;80.28;8726;1733
606;80.51;8305;1833
607;84.57;7572;1680
608;81.62;7581;1827
609;84.87;7570;1783
610;71.38;7530;1770
611;83.05;8017;1763
612;75.23;7638;1774
613;73.91;7970;1841
614;78.29;7809;1859
615;76.09;7965;1832
616;81.94;7731;1828
617;85.85;7814;1902
618;91.76;8265;1868
619;78.84;8110;1796
620;86.43;8077;1799
621;83.57;8116;1810
622;72.97;9613;1896
623;91.15;9414;1805
624;73.63;9369;1781
625;74.92;9658;1897
626;76.45;9458;1793
627;79.87;10730;1954
628;92.47;11335;1818
629;83.78;10132;1808
630;79.29;10117;1875
631;80.33;9773;1817
632;75.69;10694;1848
633;84.49;10382;1872
634;78.72;10419;1865
635;83.5;10588;1878
636;77.57;10493;1854
637;80.43;10239;1947
638;81.42;10798;1761
639;75.44;10178;2024
640;78.26;10352;1863
641;80.17;10269;1940
642;78.26;9044;1791
643;82.28;9572;1961
644;80.83;9620;1799
645;84.74;9883;1828
646;88.22;9772;1809
647;81.26;10655;2012
648;81.97;10630;1820
649;80.96;10304;1986
650;93.29;11307;1929
651;77.55;10874;1966
652;86.56;11329;1883
653;80.84;9901;1913
654;84.84;10815;1914
655;74.51;10407;1811
656;81.66;9233;1997
657;83.77;8203;1913
658;90.5;9025;1864
659;83.05;8328;1908
660;84.37;8507;1867
661;82.23;9243;1945
662;89.5;8679;1965
663;89.76;8319;1944
664;93.94;8424;1977
665;81.36;8821;1923
666;81.76;8704;1920
667;89.27;9180;1962
668;86.1;9130;1935
669;80.79;9877;1940
670;87.04;9318;1975
671;79.73;8517;1946
672;86.2;10366;1973
673;86.61;11707;2095
674;87.81;10701;1988
675;91.83;10511;2032
676;85.39;10428;1998
677;86.47;11833;1909
678;84.59;11711;2009
679;85.47;11534;1984
680;89.53;12113;2067
681;87.27;11007;1909
682;82.31;11213;2050
683;91.39;11089;2053
684;82.63;10840;1965
685;92.89;11348;2042
686;87.92;11130;2060
687;89.6;10235;2020
688;84.86;10729;1895
689;85.12;10702;2056
690;82.22;11143;2089
691;97.08;11070;2092
692;89.69;9920;2000
693;94.02;10181;2045
694;85.49;9973;2064
695;82.42;10297;2098
696;91.11;10522;2132
697;84.86;11043;2165
698;98.57;11309;2128
699;92.29;11643;2073
700;97.84;10922;1997
701;84.25;11503;2106
702;82.62;11551;2077
703;94.15;11839;2093
704;89.61;11257;2100
705;95.95;11693;2164
706;87.84;10354;1957
707;87.97;9998;2192
708;92.12;9017;2003
709;88.36;9029;2036
710;89.77;8973;2094
711;97.57;10405;2085
712;89.02;9941;2183
713;102.43;9129;2125
714;88.84;9100;2129
715;98.88;9207;2140
716;89.33;9243;2070
717;86.71;9820;2198
718;91.29;9988;1999
719;90.93;9925;2117
720;90.53;10891;2106
721;94.5;8817;2057
722;91.92;11185;2061
723;99.13;11003;2128
724;96.38;10325;2237
725;89.43;11148;2259
726;93.89;10526;2214
727;92.4;11273;2102
728;92.23;11597;2074
729;94.05;11121;2042
730;95.46;11706;2267
731;94.94;12758;2136
732;95.75;11674;2044
733;102.33;11642;2189
734;94.78;11451;2186
735;99.03;11793;2185
736;91.89;11904;2204
737;102.82;11577;2065
738;92.45;11835;2183
739;88.77;12506;2148
740;90.91;11737;2250
741;98.2;12422;2126
742;94.85;11019;2226
743;93.48;12245;2229
744;96.69;11140;2169
745;99.03;11165;2125
746;90.13;10878;2213
747;103.69;12308;2071
748;101.07;12686;2248
749;96.15;12622;2204
750;110.4;12688;2108
751;99.34;12787;2297
752;102.24;12887;2192
753;94.07;12324;2235
754;89.97;12006;2150
755;102.26;14496;2070
756;103.19;11287;2165
757;98.49;9768;2140
758;93.94;10435;2220
759;100.39;9756;2349
760;99.23;9902;2241
761;103.2;11493;2186
762;103.28;10294;2172
763;94.41;10083;2253
764;98.62;10024;2326
765;99.01;10054;2146
766;98.0;10049;2293
767;99.42;11550;2175
768;107.87;11056;2312
769;105.73;11512;2337
770;96.79;11444;2321
771;111.31;10471;2221
772;99.37;13168;2222
773;101.15;13469;2335
774;96.2;11998;2237
775;101.98;13526;2233
776;102.92;13450;2306
777;114.16;13450;2348
778;105.66;13845;2348
779;98.18;14001;2353
780;108.81;13788;2469
781;99.43;11819;2498
782;106.67;12077;2189
783;97.0;12277;2338
784;101.73;12647;2423
785;97.73;12464;2356
786;100.49;11692;2420
787;108.46;11626;2325
788;105.7;11435;2279
789;102.03;11373;2331
790;110.77;11711;2425
791;99.07;11439;2461
792;98.12;10736;2374
793;107.72;10913;2162
794;99.39;10516;2310
795;102.62;11326;2425
796;99.03;10852;2398
797;96.19;11984;2292
798;106.69;11478;2342
799;103.05;11727;2404
800;100.48;11465;2364
801;104.59;11788;2394
802;105.83;11762;2382
803;98.95;11812;2410
804;94.9;11932;2368
805;96.56;11973;2449
806;97.81;11759;2423
807;102.95;11126;2358
808;112.77;11510;2363
809;100.6;10642;2286
810;105.35;10326;2365
811;101.66;11905;2494
812;106.19;10563;2502
813;116.64;10790;2487
814;97.06;10496;2405
815;107.95;11161;2399
816;106.5;10820;2420
817;100.83;11568;2462
818;101.95;11881;2272
819;108.53;11466;2409
820;113.68;12096;2389
821;108.49;9850;2442
822;104.04;11427;2414
823;106.22;11063;2402
824;107.11;10309;2442
825;112.38;10613;2425
826;106.33;11991;2574
827;101.44;10609;2362
828;97.12;11614;2469
829;104.95;11104;2453
830;111.63;10934;2412
831;118.28;11656;2477
832;109.87;12461;2550
833;110.47;12278;2485
834;102.66;12163;2412
835;120.61;12360;2330
836;103.15;13670;2502
837;107.32;13818;2451
838;104.87;13937;2442
839;112.93;13733;2560
840;114.56;13614;2517
841;106.68;13291;2398
842;105.5;13499;2523
843;106.67;12858;2517
844;113.95;13557;2579
845;116.4;12762;2498
846;113.99;12353;2311
847;105.94;13608;2508
848;105.56;14097;2458
849;112.52;14205;2636
850;114.41;14087;2400
851;112.13;14443;2475
852;121.49;15182;2523
853;106.87;14524;2386
854;105.08;14341;2490
855;106.41;13159;2462
856;128.46;12830;2468
857;107.15;11246;2493
858;109.33;11070;2506
859;111.22;11326;2550
860;128.55;11946;2499
861;113.13;12575;2659
862;114.92;11365;2566
863;112.97;11652;2536
864;106.66;11761;2582
865;106.5;12294;2482
866;120.67;11382;2563
867;114.74;12118;2540
868;107.79;13442;2476
869;106.76;13110;2562
870;119.05;12289;2585
871;117.67;11204;2533
872;108.74;14093;2651
873;110.23;14604;2587
874;115.16;15059;2352
875;124.85;15782;2506
876;108.43;14746;2447
877;115.32;15793;2426
878;123.71;15747;2439
879;115.28;15620;2519
880;119.27;15192;2600
881;110.36;16425;2581
882;120.65;14923;2575
883;116.16;14926;2603
884;115.62;15396;2584
885;123.81;15621;2722
886;112.3;15055;2627
887;127.3;15761;2634
888;111.53;16130;2446
889;113.34;15448;2709
890;108.78;15936;2616
891;113.42;16366;2553
892;116.65;13838;2738
893;117.94;13451;2633
894;111.71;13915;2699
895;110.91;14416;2664
896;118.26;15177;2770
897;112.56;16540;2877
898;121.07;16483;2811
899;118.27;16816;2740
900;114.97;15417;2589
901;119.74;16493;2670
902;120.34;14784;2661
903;112.78;17791;2807
904;123.03;15335;2527
905;108.3;15139;2599
906;114.46;13047;2823
907;130.54;11960;2772
908;125.92;12094;2605
909;114.33;12147;2760
910;121.25;12220;2710
911;111.67;13925;2599
912;118.9;12520;2681
913;123.56;12287;2614
914;117.42;12289;2646
915;128.03;13464;2745
916;122.6;13363;2735
917;142.35;14036;2661
918;120.3;13301;2654
919;142.85;12987;2857
920;117.39;13191;2830
921;118.73;12750;2778
922;119.37;16888;2614
923;119.33;16039;2514
924;119.59;15844;2671
925;128.85;15107;2713
926;121.03;15270;2723
927;121.18;17175;2869
928;125.25;16895;2708
929;126.55;17456;2872
930;124.01;14913;2670
931;124.31;16388;2854
932;114.01;18635;2650
933;118.08;17747;2716
934;119.04;16496;2554
935;115.27;16776;2972
936;113.62;17063;2678
937;116.69;16030;2707
938;120.91;17011;2768
939;117.91;16986;2833
940;150.26;18171;2567
941;118.77;17371;2842
942;129.4;15808;2630
943;120.54;16202;2957
944;119.23;15331;2704
945;124.55;15740;2882
946;120.57;16160;2811
947;128.22;18496;2987
948;125.42;16590;2806
949;124.85;16871;2871
950;124.26;16134;2858
951;124.69;17257;2762
952;120.86;18740;2846
953;124.68;19369;2980
954;133.17;17024;2686
955;137.34;16612;2870
956;125.99;14326;2722
957;125.11;13196;2683
958;123.59;12970;2792
959;130.31;13336;2901
960;113.79;13405;2788
961;128.99;14407;2784
962;129.0;13609;2865
963;121.11;14326;2765
964;125.0;14602;2813
965;131.1;14271;2895
966;117.24;14283;2767
967;125.31;14652;3070
968;123.53;14137;2873
969;120.25;13918;2879
970;127.7;15509;2668
971;126.3;13182;3024
972;125.54;16085;2902
973;123.64;15782;2856
974;125.52;15846;2723
975;118.86;16288;2931
976;126.01;16420;2769
977;144.97;16221;2905
978;118.44;16034;2859
979;134.4;16789;2895
980;128.01;16455;2924
981;126.93;17108;2982
982;126.47;17998;3050
983;130.44;17398;2871
984;130.46;18465;2935
985;114.52;18645;3026
986;125.83;17433;2972
987;128.01;18238;2809
988;121.26;18202;2837
989;131.67;19110;2864
990;134.99;17740;3111
991;122.77;17947;2826
992;143.11;16426;3012
993;130.94;17287;2889
994;124.34;16473;3018
995;134.61;16740;2903
996;144.7;16432;2894
997;136.64;18185;3077
998;124.42;17654;2985
999;132.18;18206;2961