n;swaps;comparisons
100;171;351
200;466;707
300;557;1484
400;764;1976
500;968;2474
600;1208;2974
700;1433;3493
800;1691;4936
900;1931;5700
1000;2147;6336
1100;2355;6968
1200;2577;7602
1300;2798;8235
1400;3036;8875
1500;3218;9509
1600;3458;10142
1700;3710;10781
1800;3879;11431
1900;4100;12122
2000;4329;12869
2100;4510;13754
2200;4784;14783
2300;5133;16060
2400;5568;17595
2500;5968;18915
2600;6247;19953
2700;6523;20860
2800;6790;21683
2900;6984;22470
3000;7238;23254
3100;7502;24038
3200;7659;24817
3300;7942;25594
3400;8181;26371
3500;8408;27151
3600;8615;27932
3700;8866;28706
3800;9092;29485
3900;9322;30281
4000;9539;31077
4100;9746;31856
4200;10013;32668
4300;10247;33478
4400;10503;34293
4500;10755;35150
4600;10965;35990
4700;11279;36865
4800;11498;37747
4900;11737;38682
5000;11989;39583
5100;12242;40527
5200;12511;41514
5300;12788;42427
5400;13033;43414
5500;13324;44460
5600;13616;45452
5700;13884;46523
5800;14215;47540
5900;14462;48568
6000;14744;49588
6100;14980;50631
6200;15209;51637
6300;15536;52700
6400;15781;53736
6500;16070;54807
6600;16420;55896
6700;16667;57054
6800;16970;58097
6900;17246;59236
7000;17570;60364
7100;17881;61510
7200;18138;62726
7300;18472;63896
7400;18823;65161
7500;19118;66394
7600;19467;67674
7700;19798;68917
7800;20185;70207
7900;20443;71372
8000;20778;72675
8100;21076;73869
8200;21447;75115
8300;21673;76244
8400;21963;77532
8500;22290;78700
8600;22682;79986
8700;22956;81170
8800;23240;82355
8900;23615;83529
9000;23864;84675
9100;24126;85807
9200;24423;87026
9300;24766;88188
9400;25000;89262
9500;25349;90472
9600;25619;91619
9700;25888;92751
9800;26183;93931
9900;26453;94898
10000;26763;96105
10100;27012;97289
10200;27280;98373
10300;27586;99474
10400;27850;100628
10500;28141;101772
10600;28415;102876
10700;28729;104093
10800;29038;105200
10900;29243;106259
11000;29572;107465
11100;29832;108538
11200;30103;109702
11300;30439;110985
11400;30676;111959
11500;30990;113213
11600;31256;114324
11700;31508;115511
11800;31847;116722
11900;32120;117881
12000;32419;119073
12100;32716;120322
12200;32998;121457
12300;33341;122700
12400;33551;123775
12500;33906;125142
12600;34232;126384
12700;34502;127515
12800;34739;128676
12900;35075;129900
13000;35353;131023
13100;35680;132363
13200;35937;133633
13300;36292;134814
13400;36584;136047
13500;36872;137250
13600;37148;138512
13700;37483;139768
13800;37753;141013
13900;38047;142232
14000;38393;143586
14100;38735;144922
14200;39031;146131
14300;39306;147305
14400;39679;148684
14500;39935;149828
14600;40263;151124
14700;40557;152404
14800;40843;153575
14900;41161;154849
15000;41493;156223
15100;41826;157585
15200;42134;158843
15300;42437;160120
15400;42753;161353
15500;43127;162670
15600;43400;163950
15700;43729;165295
15800;44002;166448
15900;44321;167773
16000;44648;169019
16100;44952;170419
16200;45283;171719
16300;45567;172827
16400;45937;174227
16500;46257;175577
16600;46519;176777
16700;46853;178138
16800;47134;179303
16900;47454;180444
17000;47764;181797
17100;48076;183156
17200;48379;184357
17300;48733;185683
17400;49009;186822
17500;49318;188034
17600;49635;189287
17700;49917;190461
17800;50257;191855
17900;50560;193070
18000;50869;194335
18100;51166;195620
18200;51428;196572
18300;51771;198021
18400;52089;199272
18500;52348;200364
18600;52683;201695
18700;52968;203007
18800;53220;204184
18900;53604;205358
19000;53833;206599
19100;54141;207744
19200;54438;208944
19300;54776;210154
19400;55067;211496
19500;55357;212639
19600;55594;213754
19700;55887;214888
19800;56204;216308
19900;56519;217574
20000;56784;218665
20100;57074;219872
20200;57342;221022
20300;57687;222238
20400;57998;223417
20500;58272;224704
20600;58581;225861
20700;58877;227180
20800;59151;228342
20900;59413;229471
21000;59715;230709
21100;60046;231890
21200;60264;233109
21300;60549;234182
21400;60888;235493
21500;61155;236571
21600;61439;237697
21700;61771;239037
21800;62035;240168
21900;62291;241474
22000;62579;242743
22100;62880;243779
22200;63196;245150
22300;63445;246381
22400;63728;247576
22500;64023;248635
22600;64342;250106
22700;64617;251082
22800;64861;252446
22900;65166;253724
23000;65416;254881
23100;65769;256144
23200;66043;257362
23300;66312;258441
23400;66598;259723
23500;66826;260848
23600;67195;262265
23700;67485;263487
23800;67795;264846
23900;68041;265983
24000;68360;267267
24100;68627;268561
24200;68876;269523
24300;69179;270890
24400;69489;272360
24500;69785;273476
24600;70037;274879
24700;70363;276063
24800;70633;277270
24900;70970;278644
25000;71188;279936
25100;71495;281248
25200;71765;282426
25300;72067;283827
25400;72395;284886
25500;72640;286411
25600;72895;287582
25700;73225;288848
25800;73473;290179
25900;73800;291755
26000;74039;292780
26100;74373;294115
26200;74689;295492
26300;74928;296710
26400;75311;298113
26500;75546;299540
26600;75862;300680
26700;76132;302155
26800;76355;303230
26900;76664;304662
27000;76976;305802
27100;77283;307371
27200;77542;308651
27300;77837;310131
27400;78168;311419
27500;78432;312598
27600;78688;314142
27700;79019;315421
27800;79306;316803
27900;79578;317974
28000;79865;319450
28100;80188;320929
28200;80460;322297
28300;80703;323576
28400;80993;324804
28500;81380;326142
28600;81623;327757
28700;81904;328834
28800;82218;330318
28900;82422;331662
29000;82737;332905
29100;83040;334329
29200;83386;335754
29300;83617;337056
29400;83931;338493
29500;84317;340085
29600;84517;341344
29700;84753;342647
29800;85093;343939
29900;85359;345174
30000;85657;346458
30100;85986;348084
30200;86228;349133
30300;86508;350783
30400;86829;352086
30500;87093;353390
30600;87393;354683
30700;87688;356237
30800;87972;357385
30900;88216;358867
31000;88565;360097
31100;88815;361695
31200;89158;363025
31300;89437;364225
31400;89715;365616
31500;89979;366967
31600;90352;368272
31700;90563;369495
31800;90843;370959
31900;91128;372297
32000;91400;373625
32100;91666;374855
32200;92006;376217
32300;92280;377347
32400;92610;379020
32500;92870;380327
32600;93176;381509
32700;93420;382772
32800;93748;384304
32900;94007;385768
33000;94283;386671
33100;94602;388140
33200;94895;389509
33300;95074;390875
33400;95364;392177
33500;95737;393543
33600;96019;394796
33700;96320;396226
33800;96644;397407
33900;96919;398763
34000;97109;399926
34100;97383;401292
34200;97711;402682
34300;97850;403805
34400;98202;405043
34500;98544;406522
34600;98790;407866
34700;99069;409002
34800;99416;410524
34900;99671;411852
35000;99895;413018
35100;100191;414303
35200;100447;415503
35300;100691;416691
35400;101038;417958
35500;101343;419423
35600;101594;420481
35700;101910;421962
35800;102270;423402
35900;102467;424512
36000;102725;425698
36100;103077;426859
36200;103330;428011
36300;103626;429521
36400;103824;430712
36500;104109;431933
36600;104385;433320
36700;104685;434239
36800;104996;435646
36900;105200;436849
37000;105552;438337
37100;105750;439423
37200;106116;440822
37300;106371;441905
37400;106712;443351
37500;106906;444212
37600;107161;445576
37700;107473;446970
37800;107778;448216
37900;108049;449484
38000;108285;450733
38100;108606;452044
38200;108871;452991
38300;109178;454537
38400;109381;455792
38500;109708;456869
38600;109986;458244
38700;110276;459534
38800;110578;460796
38900;110820;461877
39000;111118;463322
39100;111360;464368
39200;111630;465512
39300;111844;466494
39400;112224;467947
39500;112491;469452
39600;112740;470533
39700;113019;471710
39800;113273;472864
39900;113541;473924
40000;113823;475581
40100;114125;476586
40200;114350;477631
40300;114657;478908
40400;114966;480199
40500;115240;481555
40600;115464;482593
40700;115783;483930
40800;116014;485093
40900;116336;486379
41000;116629;487510
41100;116850;488725
41200;117113;489881
41300;117452;491144
41400;117661;492532
41500;118009;493802
41600;118279;494892
41700;118530;496142
41800;118792;497318
41900;119018;498507
42000;119397;499681
42100;119567;500940
42200;119935;502157
42300;120140;503188
42400;120484;504644
42500;120787;506107
42600;121044;507059
42700;121257;508346
42800;121535;509276
42900;121847;510812
43000;122068;511898
43100;122377;512968
43200;122633;513961
43300;122889;515418
43400;123207;516730
43500;123476;518044
43600;123815;519380
43700;123983;520385
43800;124341;521694
43900;124608;522701
44000;124869;524088
44100;125114;525060
44200;125443;526729
44300;125646;527924
44400;125916;528997
44500;126159;530089
44600;126525;531468
44700;126799;532481
44800;127062;533777
44900;127302;535199
45000;127642;536033
45100;127870;537485
45200;128148;538780
45300;128436;540028
45400;128738;541320
45500;129005;542442
45600;129221;543578
45700;129550;544862
45800;129845;546299
45900;130006;547114
46000;130330;548413
46100;130673;549743
46200;130918;551121
46300;131207;552231
46400;131415;553547
46500;131688;554473
46600;132014;555957
46700;132242;556983
46800;132557;558421
46900;132884;559790
47000;133139;560736
47100;133310;561902
47200;133669;563208
47300;133886;564462
47400;134200;565745
47500;134508;566948
47600;134804;568250
47700;135105;569291
47800;135326;570621
47900;135643;571827
48000;135900;573069
48100;136143;574515
48200;136402;575460
48300;136558;576587
48400;136920;577850
48500;137318;578872
48600;137482;580268
48700;137859;581677
48800;138104;583053
48900;138375;584275
49000;138534;585167
49100;138921;586851
49200;139266;587819
49300;139452;588988
49400;139615;590346
49500;140089;591839
49600;140250;592893
49700;140607;594261
49800;140871;595594
49900;141076;596620
50000;141395;597766
50100;141641;599120
50200;141927;600130
50300;142250;601638
50400;142510;603016
50500;142766;604161
50600;143108;605237
50700;143312;606149
50800;143668;607654
50900;143899;609195
51000;144100;610246
51100;144424;611660
51200;144639;612836
51300;145014;614032
51400;145234;615063
51500;145526;616520
51600;145833;617497
51700;146052;619142
51800;146412;620074
51900;146636;621630
52000;146992;623049
52100;147226;624284
52200;147558;625332
52300;147780;626759
52400;148136;627850
52500;148338;628811
52600;148583;630577
52700;148794;631425
52800;149258;633145
52900;149442;634305
53000;149687;635350
53100;149953;636951
53200;150268;637848
53300;150544;639259
53400;150883;640723
53500;151221;641939
53600;151393;643055
53700;151585;644371
53800;151907;645162
53900;152273;647007
54000;152523;648320
54100;152787;649337
54200;153111;650797
54300;153343;651835
54400;153585;653370
54500;153983;654621
54600;154160;655801
54700;154494;656762
54800;154786;657919
54900;155048;659366
55000;155304;660640
55100;155585;661758
55200;155841;663431
55300;156131;664772
55400;156418;665878
55500;156660;667180
55600;156931;668246
55700;157184;669418
55800;157476;670840
55900;157746;672270
56000;158027;673513
56100;158353;674703
56200;158607;676050
56300;158880;677104
56400;159267;678354
56500;159540;679855
56600;159891;681076
56700;160034;682595
56800;160241;684057
56900;160495;685065
57000;160773;686169
57100;161174;687639
57200;161467;688742
57300;161696;690123
57400;161990;691551
57500;162244;692610
57600;162561;694150
57700;162780;694857
57800;163127;696417
57900;163342;697201
58000;163624;698926
58100;163890;700306
58200;164179;701304
58300;164475;702605
58400;164822;703985
58500;165070;705371
58600;165335;706462
58700;165555;708046
58800;165807;709030
58900;166157;710350
59000;166522;711655
59100;166707;712790
59200;167025;714253
59300;167371;715478
59400;167598;716647
59500;167868;717720
59600;168075;718882
59700;168443;720718
59800;168632;721383
59900;168920;723122
60000;169155;724458
60100;169481;725660
60200;169739;726650
60300;170099;727985
60400;170319;729117
60500;170601;730754
60600;170901;731789
60700;171217;733242
60800;171525;734458
60900;171699;735785
61000;172017;736712
61100;172271;738135
61200;172586;739285
61300;172822;740871
61400;173026;742034
61500;173340;742886
61600;173530;744129
61700;173928;746018
61800;174210;747284
61900;174511;748261
62000;174847;749678
62100;175024;750901
62200;175298;752107
62300;175599;753504
62400;175890;754740
62500;176073;755812
62600;176382;757156
62700;176723;758502
62800;177086;760160
62900;177266;760872
63000;177517;762137
63100;177744;763268
63200;178075;764693
63300;178287;765888
63400;178601;767299
63500;178910;768008
63600;179212;770001
63700;179465;771024
63800;179689;772111
63900;180026;773365
64000;180275;774945
64100;180576;775990
64200;180871;777634
64300;181034;778358
64400;181413;779837
64500;181703;781115
64600;181878;782113
64700;182220;783264
64800;182414;784857
64900;182689;785822
65000;183082;787467
65100;183364;788723
65200;183625;789775
65300;184030;791143
65400;184177;792499
65500;184404;793451
65600;184728;794925
65700;184981;796347
65800;185301;797562
65900;185528;798652
66000;185825;799850
66100;186055;801221
66200;186341;802458
66300;186754;804052
66400;187001;805013
66500;187297;806260
66600;187456;807206
66700;187835;808651
66800;188036;809898
66900;188287;810950
67000;188613;812012
67100;188801;813548
67200;189135;814656
67300;189480;816090
67400;189760;817459
67500;190013;818445
67600;190217;820304
67700;190428;820773
67800;190877;822381
67900;191180;823666
68000;191301;824709
68100;191579;825680
68200;191870;827244
68300;192169;828367
68400;192435;829607
68500;192774;830771
68600;192994;832411
68700;193393;833462
68800;193490;834648
68900;193793;835648
69000;194009;837028
69100;194401;838456
69200;194603;839581
69300;195028;841193
69400;195195;841995
69500;195460;843043
69600;195784;844531
69700;195972;845841
69800;196339;847305
69900;196584;848677
70000;196866;849886
70100;197040;851195
70200;197423;852112
70300;197713;853122
70400;197874;854213
70500;198354;855831
70600;198448;856712
70700;198767;858434
70800;199070;859672
70900;199247;860784
71000;199710;862217
71100;199892;862989
71200;200087;864086
71300;200414;865327
71400;200786;866775
71500;201025;868309
71600;201272;869491
71700;201473;870775
71800;201787;871674
71900;202126;873122
72000;202338;874493
72100;202668;875421
72200;202953;877024
72300;203107;877780
72400;203397;878978
72500;203810;880391
72600;204017;881684
72700;204232;882666
72800;204675;884002
72900;204765;885151
73000;205145;886701
73100;205249;887690
73200;205581;888940
73300;206056;890540
73400;206012;890926
73500;206491;892797
73600;206706;893954
73700;206868;894686
73800;207282;896102
73900;207586;897636
74000;207935;898816
74100;208227;900253
74200;208460;901087
74300;208671;902309
74400;208876;903315
74500;209286;904989
74600;209629;906225
74700;209762;907649
74800;210149;908523
74900;210403;909882
75000;210591;910807
75100;210873;912273
75200;211069;913315
75300;211397;914423
75400;211733;915819
75500;211939;917356
75600;212176;918453
75700;212546;920032
75800;212691;920921
75900;213011;921780
76000;213345;923234
76100;213588;924253
76200;213711;925661
76300;214142;926816
76400;214444;928455
76500;214727;929594
76600;214929;930455
76700;215223;931732
76800;215494;933073
76900;215864;934570
77000;216145;935725
77100;216370;937271
77200;216562;937837
77300;216964;939448
77400;217176;940574
77500;217438;941700
77600;217768;942864
77700;218062;944220
77800;218403;945297
77900;218690;946772
78000;218690;947526
78100;219114;948856
78200;219386;950370
78300;219611;951533
78400;220059;953014
78500;220105;954067
78600;220584;955334
78700;220771;956472
78800;221029;957478
78900;221260;958977
79000;221522;960283
79100;221828;961257
79200;222087;962636
79300;222452;963718
79400;222577;964933
79500;222810;966020
79600;223098;967296
79700;223428;968607
79800;223733;969584
79900;224085;971277
80000;224323;972698
80100;224539;972971
80200;224966;975139
80300;225087;975702
80400;225320;977152
80500;225645;978254
80600;225865;979617
80700;226231;980825
80800;226550;982169
80900;226589;983254
81000;227133;984637
81100;227237;985437
81200;227658;986686
81300;227840;988148
81400;228098;989488
81500;228521;991078
81600;228758;991954
81700;228994;992644
81800;229333;994646
81900;229480;995229
82000;229579;996911
82100;230071;998064
82200;230326;999316
82300;230740;1000496
82400;230977;1001587
82500;231095;1002802
82600;231451;1004132
82700;231700;1005808
82800;232060;1006951
82900;232285;1007809
83000;232633;1008722
83100;232825;1010413
83200;232952;1011197
83300;233416;1012576
83400;233526;1014105
83500;233940;1015035
83600;234177;1016036
83700;234504;1017533
83800;234618;1019252
83900;234944;1020374
84000;235145;1021117
84100;235491;1022407
84200;235834;1023825
84300;236075;1024805
84400;236313;1025832
84500;236682;1027538
84600;236889;1028556
84700;237182;1030098
84800;237503;1031080
84900;237702;1032126
85000;238019;1033448
85100;238346;1034480
85200;238524;1036286
85300;238832;1036906
85400;239043;1038332
85500;239521;1039854
85600;239660;1040680
85700;239794;1041743
85800;240276;1043352
85900;240354;1044408
86000;240727;1045994
86100;241204;1047159
86200;241159;1047487
86300;241600;1048756
86400;241847;1050575
86500;242169;1052088
86600;242513;1053200
86700;242615;1054335
86800;242943;1055669
86900;243266;1056569
87000;243346;1058117
87100;243718;1059173
87200;244115;1060258
87300;244106;1061681
87400;244539;1062551
87500;244788;1063664
87600;245146;1065146
87700;245513;1066341
87800;245626;1067778
87900;246135;1069303
88000;246353;1070087
88100;246347;1071374
88200;246798;1072770
88300;247083;1074085
88400;247322;1074947
88500;247744;1076435
88600;247929;1077877
88700;248049;1078622
88800;248509;1080152
88900;248759;1081344
89000;248874;1082002
89100;249191;1083114
89200;249469;1084811
89300;249684;1085638
89400;250216;1087642
89500;250183;1088222
89600;250555;1089491
89700;250930;1091324
89800;251097;1091977
89900;251375;1093282
90000;251677;1094420
90100;252019;1095969
90200;252155;1097299
90300;252650;1097926
90400;252785;1099581
90500;253308;1101258
90600;253419;1101886
90700;253659;1102934
90800;253831;1104351
90900;254202;1105554
91000;254455;1106737
91100;254625;1107814
91200;254967;1108965
91300;255147;1110241
91400;255679;1111757
91500;255650;1112749
91600;256144;1113972
91700;256388;1115574
91800;256744;1116084
91900;257101;1118005
92000;257188;1118363
92100;257376;1120106
92200;257760;1121641
92300;258026;1122948
92400;258411;1124173
92500;258640;1125241
92600;258810;1126651
92700;259131;1127800
92800;259483;1128682
92900;259678;1130135
93000;260062;1131549
93100;260211;1132154
93200;260548;1133676
93300;260860;1135115
93400;261120;1135988
93500;261396;1137588
93600;261566;1138297
93700;261757;1139723
93800;262043;1140971
93900;262387;1141827
94000;262710;1144099
94100;262901;1144822
94200;263209;1145556
94300;263531;1147136
94400;263613;1148478
94500;264166;1149401
94600;264351;1150745
94700;264632;1152202
94800;265022;1153341
94900;265273;1154645
95000;265457;1155586
95100;265733;1157372
95200;266072;1158022
95300;266172;1159012
95400;266584;1160388
95500;266808;1161656
95600;267178;1163233
95700;267317;1164606
95800;267454;1165013
95900;267863;1166824
96000;268396;1168178
96100;268436;1168924
96200;268871;1170657
96300;269018;1171366
96400;269397;1172734
96500;269768;1174156
96600;269718;1174962
96700;270004;1176338
96800;270464;1177824
96900;270685;1179063
97000;270896;1180484
97100;271087;1181237
97200;271479;1182715
97300;271859;1183721
97400;271967;1185224
97500;272367;1186186
97600;272489;1187043
97700;272832;1188311
97800;273105;1189612
97900;273604;1191094
98000;273588;1192392
98100;273939;1193724
98200;274308;1195474
98300;274508;1195932
98400;274799;1197180
98500;274940;1198409
98600;275097;1199614
98700;275525;1201332
98800;275958;1202145
98900;276038;1202966
99000;276463;1204982
99100;276727;1206692
99200;276850;1207106
99300;277305;1207877
99400;277326;1208817
99500;277867;1210489
99600;278021;1211398
99700;278330;1212774
99800;278560;1214596
99900;279050;1215799
100000;279141;1216599