n;swaps;comparisons
100;489;354
200;1042;974
300;1609;1687
400;2200;2526
500;2803;3288
600;3398;4164
700;4018;5106
800;4683;5907
900;5248;6941
1000;5927;7952
1100;6582;8934
1200;7137;9982
1300;7784;11018
1400;8441;11994
1500;8886;13043
1600;9638;14060
1700;10185;15114
1800;10916;16248
1900;11386;17413
2000;12091;18451
2100;12782;19506
2200;13366;20706
2300;13885;21909
2400;14623;23005
2500;15193;24237
2600;15827;25491
2700;16453;26430
2800;17179;27956
2900;17506;28803
3000;18348;30021
3100;18712;31314
3200;19347;32636
3300;19953;33891
3400;20636;34781
3500;21153;35821
3600;21692;37376
3700;22501;38621
3800;22897;40027
3900;23480;41677
4000;23850;42565
4100;24342;44029
4200;25133;44842
4300;25783;46205
4400;26180;47468
4500;26833;48752
4600;27435;50397
4700;27762;51177
4800;28240;52503
4900;29289;53836
5000;29615;55196
5100;29743;56142
5200;30505;58169
5300;30935;59244
5400;31715;60264
5500;32427;61816
5600;32272;63524
5700;33175;64349
5800;33790;66212
5900;33966;67472
6000;34452;68319
6100;35076;69686
6200;35537;71202
6300;36165;72824
6400;36426;73791
6500;37024;75796
6600;37285;77092
6700;38105;78129
6800;38960;79677
6900;39594;80241
7000;39322;81641
7100;39938;83647
7200;40404;85127
7300;41011;85883
7400;41442;87478
7500;42053;89700
7600;42345;90781
7700;43012;91140
7800;42853;93702
7900;44087;95670
8000;44264;95730
8100;44960;97187
8200;44845;99174
8300;45451;99878
8400;46003;101555
8500;46435;103203
8600;46770;105145
8700;47165;106623
8800;47571;107279
8900;47666;108913
9000;48651;110243
9100;48842;111882
9200;48703;112474
9300;49835;115229
9400;50053;116200
9500;50976;117728
9600;51149;118252
9700;51634;120506
9800;51818;122470
9900;52312;124180
10000;52521;124420
10100;53005;125859
10200;53445;128094
10300;54147;129319
10400;54321;130902
10500;54804;132218
10600;54327;134620
10700;55353;135995
10800;55794;136390
10900;56694;138193
11000;56671;139049
11100;56783;141247
11200;57076;142307
11300;57915;144238
11400;57348;145628
11500;59468;146136
11600;60246;149721
11700;59147;149372
11800;59815;150941
11900;60270;151517
12000;60736;155002
12100;61098;155759
12200;61970;156551
12300;61253;160265
12400;62150;160573
12500;61872;161832
12600;62889;163960
12700;63165;164663
12800;63178;167423
12900;63435;169087
13000;63926;169720
13100;63711;171792
13200;65541;172749
13300;65283;174272
13400;65658;176447
13500;66200;178016
13600;65769;180224
13700;66003;182504
13800;66281;182977
13900;66989;183471
14000;67391;185978
14100;67274;186990
14200;67481;189538
14300;67537;189948
14400;68228;192491
14500;68194;194334
14600;68517;195226
14700;68996;197753
14800;68548;197732
14900;69186;202077
15000;70642;201997
15100;70439;204677
15200;69578;204409
15300;70554;207485
15400;71947;208883
15500;71528;208608
15600;71078;211213
15700;71721;212864
15800;71785;214537
15900;72996;217227
16000;72180;218922
16100;72888;219347
16200;72648;221232
16300;73782;223336
16400;72949;223841
16500;74260;225554
16600;74699;226742
16700;74099;229954
16800;74729;230948
16900;74558;231848
17000;74228;234035
17100;76033;236921
17200;75299;236174
17300;76098;238726
17400;76223;240752
17500;77264;241261
17600;76868;242803
17700;76489;245256
17800;78015;246793
17900;77896;248724
18000;78959;249514
18100;78419;250024
18200;80035;252369
18300;79034;254246
18400;79589;253934
18500;80580;256401
18600;80101;260289
18700;81066;259388
18800;81750;261413
18900;80307;262284
19000;81304;264803
19100;82315;266571
19200;81704;268006
19300;82330;267986
19400;83786;271782
19500;84155;271771
19600;84875;274430
19700;83628;275965
19800;84648;277841
19900;84474;278459
20000;85103;279719
20100;86041;281540
20200;85481;281709
20300;85803;285114
20400;87139;286382
20500;86101;287599
20600;87679;287802
20700;87708;291986
20800;87609;291053
20900;87781;293984
21000;88644;294217
21100;88918;296515
21200;89012;298563
21300;89741;299381
21400;90810;302277
21500;91028;303485
21600;91881;301441
21700;91873;305727
21800;91585;308083
21900;92426;308634
22000;93032;310458
22100;94034;310820
22200;93573;314605
22300;93275;313413
22400;94212;316309
22500;93566;317915
22600;95683;320287
22700;95824;323651
22800;95973;320792
22900;95788;322896
23000;96653;325658
23100;98643;328172
23200;96912;328908
23300;98630;331513
23400;99177;330235
23500;100892;333788
23600;100487;334196
23700;99545;335852
23800;99981;339251
23900;100095;339900
24000;101013;343766
24100;101834;341885
24200;101423;344844
24300;101669;344618
24400;104099;347767
24500;103040;347828
24600;103197;351315
24700;102706;351046
24800;103430;352089
24900;104157;354753
25000;105800;358567
25100;105467;357292
25200;106176;360626
25300;105339;361640
25400;106322;361475
25500;108710;363853
25600;108438;366439
25700;107421;367417
25800;108984;368112
25900;110343;371492
26000;109326;371661
26100;109873;373606
26200;109381;376148
26300;110517;376596
26400;110354;380826
26500;111159;379305
26600;111982;382408
26700;112006;385281
26800;111882;385980
26900;111798;387394
27000;114138;388114
27100;114545;390103
27200;114434;390311
27300;113602;393940
27400;114005;396193
27500;115847;394086
27600;115468;398367
27700;115958;397903
27800;118160;403352
27900;117712;406411
28000;117004;403049
28100;119827;407122
28200;120059;405452
28300;118995;410689
28400;119802;413164
28500;118153;414119
28600;119359;409817
28700;121221;414330
28800;120438;415825
28900;120527;419651
29000;120559;421196
29100;121660;424424
29200;122253;424709
29300;124414;424464
29400;122079;428000
29500;124587;430150
29600;123499;430102
29700;124621;432068
29800;124750;433877
29900;125788;437698
30000;125845;433419
30100;125654;439696
30200;126503;442937
30300;126590;441651
30400;127596;446330
30500;127980;445724
30600;127589;449423
30700;127568;449279
30800;130561;449415
30900;130698;451121
31000;130283;453898
31100;131151;455773
31200;130349;455168
31300;130459;455848
31400;131176;459099
31500;131861;461577
31600;131757;461150
31700;131870;465275
31800;133374;467266
31900;133662;468483
32000;134247;469957
32100;133925;472992
32200;134876;471616
32300;135012;475855
32400;135741;477134
32500;136793;473879
32600;137289;478907
32700;137255;478972
32800;137727;483832
32900;139200;482473
33000;135820;485876
33100;137232;488870
33200;138074;487915
33300;139082;488491
33400;140739;492608
33500;141795;492356
33600;139271;494620
33700;141835;495885
33800;140835;496177
33900;144412;498331
34000;143696;503041
34100;143617;499011
34200;142113;504293
34300;144786;506766
34400;143724;508621
34500;145046;507751
34600;145641;510051
34700;144516;509438
34800;146169;514185
34900;146232;515949
35000;145345;514900
35100;148071;518659
35200;146445;518762
35300;147198;519127
35400;148119;524384
35500;148301;523857
35600;149864;522553
35700;147479;526879
35800;150358;530659
35900;147566;531019
36000;150407;530065
36100;150521;532071
36200;151682;536235
36300;150025;538261
36400;153413;537745
36500;153141;539505
36600;152582;543436
36700;154237;543613
36800;155103;544508
36900;155975;545822
37000;154912;548991
37100;156036;551589
37200;156994;548802
37300;156398;548887
37400;156224;550966
37500;157902;558857
37600;158991;559070
37700;157233;559068
37800;158442;560479
37900;158893;561436
38000;160655;564937
38100;158798;565293
38200;161105;569418
38300;162263;564234
38400;162046;570280
38500;161445;568436
38600;160487;571704
38700;162819;574711
38800;162198;573803
38900;161355;579633
39000;164287;574758
39100;164159;580143
39200;164075;582724
39300;166203;582299
39400;165242;585213
39500;165825;583776
39600;163783;589820
39700;168756;591870
39800;166979;589113
39900;166643;591688
40000;168210;590925
40100;164926;598430
40200;166987;596662
40300;170152;595274
40400;168050;599280
40500;167864;601867
40600;170990;600639
40700;170417;607409
40800;169998;605911
40900;170243;610252
41000;172112;608882
41100;173553;609867
41200;172405;611193
41300;171749;610269
41400;173362;615265
41500;172096;621023
41600;175597;617196
41700;175236;618405
41800;179312;620193
41900;176775;619176
42000;173671;620205
42100;175083;628512
42200;175002;625311
42300;176704;630044
42400;177417;629362
42500;175916;634824
42600;175822;634864
42700;177747;633686
42800;182740;635813
42900;177426;631685
43000;180779;639488
43100;182216;639182
43200;180178;644000
43300;183017;642288
43400;181289;644420
43500;180050;650090
43600;182317;647460
43700;182568;648587
43800;183898;648246
43900;183533;652978
44000;183308;657941
44100;185512;652664
44200;184382;656740
44300;184020;658853
44400;187257;657851
44500;184347;663779
44600;187301;664243
44700;185178;668377
44800;185500;667698
44900;187607;669153
45000;187601;669656
45100;188083;672677
45200;186113;678017
45300;188886;672169
45400;188871;673687
45500;189894;681837
45600;191603;676697
45700;192142;677754
45800;192431;678843
45900;191488;685777
46000;192986;683640
46100;192221;687096
46200;192778;693361
46300;194402;692225
46400;194986;691041
46500;195671;694062
46600;193827;696633
46700;194519;692588
46800;196059;695620
46900;196704;697266
47000;195896;696878
47100;197364;701532
47200;199486;702493
47300;196060;705766
47400;197816;705610
47500;197996;699725
47600;198255;705924
47700;199095;706917
47800;198081;711452
47900;199984;714391
48000;198760;714967
48100;201436;716363
48200;200151;715474
48300;202209;716837
48400;204120;720419
48500;204812;723593
48600;201242;725296
48700;202144;721933
48800;207034;723103
48900;201543;728567
49000;203363;730148
49100;205882;730559
49200;205966;733214
49300;204179;731576
49400;204537;733692
49500;204781;733244
49600;208280;732234
49700;208098;739324
49800;206176;739622
49900;207706;747492
50000;207921;740739
50100;206958;745711
50200;208740;749222
50300;208136;746997
50400;210267;749821
50500;209503;751307
50600;210243;751551
50700;212491;755816
50800;212504;754861
50900;211217;760159
51000;213831;762510
51100;213229;763740
51200;212575;767567
51300;212444;759736
51400;217062;770157
51500;216846;763244
51600;217558;765789
51700;215798;772836
51800;216996;774623
51900;216090;773562
52000;214481;777286
52100;217327;777134
52200;216963;774220
52300;216486;774774
52400;218029;780903
52500;216257;780259
52600;218675;784625
52700;217665;784642
52800;219852;791532
52900;220113;790234
53000;219715;784712
53100;220691;787854
53200;220679;791045
53300;225230;792995
53400;224236;796442
53500;222162;793821
53600;224061;797278
53700;224678;797909
53800;223674;799869
53900;221899;800459
54000;226458;804813
54100;225682;808611
54200;226075;808279
54300;229125;813052
54400;228296;814773
54500;225834;811601
54600;229813;810765
54700;226800;814745
54800;228833;816171
54900;229186;816591
55000;228909;815228
55100;230041;823636
55200;227343;826330
55300;227443;829251
55400;230666;826108
55500;233428;825771
55600;233637;825609
55700;231857;826990
55800;232792;831173
55900;231864;832576
56000;233855;830627
56100;232242;838945
56200;234998;842947
56300;231607;845184
56400;234671;839287
56500;236864;836612
56600;235916;837950
56700;236739;842077
56800;234717;845178
56900;236941;848151
57000;234816;845779
57100;235173;857242
57200;238682;847184
57300;237050;856162
57400;235644;854816
57500;238041;854145
57600;242956;855430
57700;240990;859186
57800;244038;865686
57900;241791;869714
58000;241955;862907
58100;240032;865469
58200;240745;868437
58300;243830;869334
58400;245427;863879
58500;244733;874502
58600;244346;874663
58700;247897;875650
58800;240488;874042
58900;245255;879063
59000;244287;887361
59100;245675;881868
59200;245238;884942
59300;245431;884327
59400;244754;889856
59500;247353;890447
59600;252447;887566
59700;248565;890888
59800;247929;893275
59900;251226;897918
60000;247046;889911
60100;249557;899633
60200;249262;900254
60300;251567;902099
60400;255659;903062
60500;252063;910143
60600;251087;902457
60700;253328;907162
60800;255991;905338
60900;253222;912476
61000;254227;915987
61100;254450;911476
61200;256914;914786
61300;255163;918629
61400;253779;914573
61500;256668;913756
61600;257210;917433
61700;253847;924132
61800;256851;919317
61900;253056;930833
62000;255761;928775
62100;256174;923737
62200;259126;930014
62300;261430;930093
62400;258369;929955
62500;264498;940427
62600;263032;935115
62700;261096;936244
62800;257179;938190
62900;261158;935082
63000;263301;937710
63100;265574;935281
63200;259978;940779
63300;265232;943272
63400;262305;946292
63500;266089;950745
63600;261928;949552
63700;264711;955118
63800;265034;952666
63900;267129;952939
64000;264654;955980
64100;264023;957840
64200;270114;956941
64300;267627;959475
64400;267628;963466
64500;268954;964905
64600;272434;968100
64700;271252;962259
64800;270621;970638
64900;273599;970855
65000;267812;968372
65100;269137;977692
65200;268413;968757
65300;269080;971220
65400;269876;975716
65500;274834;978548
65600;272850;981375
65700;273257;982016
65800;271238;989645
65900;274172;984206
66000;271692;988973
66100;279437;991801
66200;277489;988033
66300;275648;990411
66400;273848;990409
66500;277435;990072
66600;275972;988712
66700;276225;995669
66800;276083;1000118
66900;278522;996802
67000;280278;993914
67100;278012;1006182
67200;278131;1004372
67300;282246;1003743
67400;278354;1004822
67500;277704;1013726
67600;280620;1005557
67700;280532;1011295
67800;281130;1020424
67900;278643;1016991
68000;281093;1019947
68100;283649;1015241
68200;284690;1019496
68300;283466;1027331
68400;286632;1016266
68500;283429;1024782
68600;284507;1025359
68700;284165;1030988
68800;285523;1025198
68900;284087;1038341
69000;284008;1027447
69100;286792;1038872
69200;288209;1033764
69300;287576;1036913
69400;291925;1036492
69500;290756;1045680
69600;286140;1036692
69700;289254;1038848
69800;288103;1045035
69900;286782;1047472
70000;289583;1038202
70100;290697;1051111
70200;292128;1054840
70300;292158;1054725
70400;287177;1048143
70500;292423;1051636
70600;296726;1053123
70700;293736;1053890
70800;293745;1062469
70900;296855;1057474
71000;295177;1059948
71100;295213;1060437
71200;291069;1071044
71300;298574;1071333
71400;300681;1065220
71500;298930;1069664
71600;295328;1071934
71700;302702;1063967
71800;301382;1076405
71900;294939;1073369
72000;298661;1078605
72100;297595;1079204
72200;301958;1082364
72300;299374;1071918
72400;298127;1079669
72500;300561;1083709
72600;297632;1086625
72700;301992;1086218
72800;303889;1086978
72900;304831;1084948
73000;305457;1094128
73100;303940;1093248
73200;302774;1095575
73300;305706;1097181
73400;306107;1100091
73500;303667;1097430
73600;307949;1099471
73700;307451;1095888
73800;306945;1104835
73900;308017;1102372
74000;308545;1105436
74100;306530;1111936
74200;306463;1110801
74300;305966;1108963
74400;313695;1108734
74500;307248;1119277
74600;310785;1116943
74700;310416;1116609
74800;314056;1123140
74900;311918;1120616
75000;311034;1127003
75100;309519;1127751
75200;313953;1123727
75300;308505;1129964
75400;317289;1129072
75500;317156;1127727
75600;313007;1132963
75700;312827;1132817
75800;313527;1128682
75900;316129;1134709
76000;320401;1137130
76100;316144;1139805
76200;318537;1144767
76300;319732;1143296
76400;317839;1137049
76500;314080;1152620
76600;320586;1144709
76700;319393;1147231
76800;317889;1154725
76900;321861;1147589
77000;320236;1153436
77100;316974;1149745
77200;324150;1152967
77300;321772;1152421
77400;322483;1157003
77500;324335;1160571
77600;323501;1159845
77700;325317;1167527
77800;320783;1168903
77900;320380;1168406
78000;324728;1168690
78100;325364;1164247
78200;324382;1170532
78300;323366;1172654
78400;325107;1173077
78500;327427;1181710
78600;325765;1172273
78700;326508;1170992
78800;329810;1178035
78900;326229;1178791
79000;323398;1185216
79100;327194;1182584
79200;330102;1184213
79300;327654;1186775
79400;334735;1187448
79500;328958;1192082
79600;333346;1194166
79700;332097;1199803
79800;333158;1195638
79900;328652;1193427
80000;333208;1195722
80100;329619;1198850
80200;331901;1210603
80300;336141;1201770
80400;335185;1202898
80500;332922;1205003
80600;334394;1211094
80700;333295;1205975
80800;328825;1223524
80900;341951;1201298
81000;337044;1221857
81100;337132;1218414
81200;335309;1218625
81300;335800;1221329
81400;344391;1218833
81500;334803;1222385
81600;338786;1218165
81700;334822;1227105
81800;337799;1222863
81900;337360;1229662
82000;336502;1228551
82100;340987;1226049
82200;343522;1229753
82300;343395;1236651
82400;345359;1233414
82500;342516;1232190
82600;342328;1237409
82700;342982;1239370
82800;339390;1239644
82900;346875;1237942
83000;347984;1248306
83100;341256;1246250
83200;345882;1237715
83300;345120;1246843
83400;345694;1248875
83500;347436;1248592
83600;349080;1249533
83700;345598;1256192
83800;343036;1262824
83900;345061;1262653
84000;353685;1260914
84100;347810;1255565
84200;348250;1255419
84300;346825;1269641
84400;355120;1269851
84500;350212;1267884
84600;354298;1268431
84700;346544;1267735
84800;354380;1274728
84900;353844;1276794
85000;355818;1274099
85100;352281;1279774
85200;352553;1272885
85300;353445;1279480
85400;350143;1275464
85500;355324;1275300
85600;351277;1279217
85700;355220;1286149
85800;352955;1287679
85900;355136;1292255
86000;356525;1285775
86100;361011;1290145
86200;359643;1286078
86300;355048;1289879
86400;358593;1297502
86500;361330;1300448
86600;356994;1307392
86700;358760;1299321
86800;359292;1298946
86900;358336;1306128
87000;359874;1308930
87100;356381;1308828
87200;357375;1302425
87300;368087;1309155
87400;363756;1317432
87500;359485;1313285
87600;368197;1317745
87700;358247;1317568
87800;361827;1312185
87900;368475;1318648
88000;367860;1320279
88100;367650;1321665
88200;365689;1323274
88300;368761;1329256
88400;363576;1328373
88500;370193;1319368
88600;366081;1329968
88700;367890;1332141
88800;365491;1330560
88900;367711;1335547
89000;365446;1329588
89100;366386;1339573
89200;370478;1343977
89300;365539;1345095
89400;373055;1340810
89500;373843;1339390
89600;371739;1346051
89700;373413;1347162
89800;382565;1345766
89900;369967;1353020
90000;378299;1355322
90100;372180;1347718
90200;371985;1358694
90300;373535;1364114
90400;376974;1356400
90500;368688;1361929
90600;375122;1361140
90700;372957;1356670
90800;373947;1367008
90900;374882;1358458
91000;380614;1362961
91100;378018;1369274
91200;375657;1367127
91300;373106;1370487
91400;375228;1374874
91500;378605;1375476
91600;379853;1372843
91700;379186;1378983
91800;378351;1383036
91900;381095;1373609
92000;383186;1389133
92100;384739;1376857
92200;377774;1387814
92300;381302;1388613
92400;381956;1389727
92500;379849;1389538
92600;379250;1388575
92700;381256;1397813
92800;384219;1393976
92900;387519;1395445
93000;387158;1392033
93100;383426;1404097
93200;386592;1400708
93300;389795;1394015
93400;387036;1412903
93500;387735;1401712
93600;387330;1398827
93700;387045;1403982
93800;385042;1417507
93900;386238;1420873
94000;387731;1415608
94100;387464;1412207
94200;388056;1414981
94300;393968;1422692
94400;389507;1412736
94500;394215;1423548
94600;385983;1421790
94700;393003;1421115
94800;393288;1427410
94900;386857;1436486
95000;388721;1431111
95100;394300;1426780
95200;402454;1439851
95300;392242;1428946
95400;403233;1429713
95500;397477;1440759
95600;398106;1433452
95700;396360;1438357
95800;390631;1440975
95900;391524;1445236
96000;404833;1449911
96100;392369;1448770
96200;395384;1440593
96300;396517;1447625
96400;399889;1446328
96500;394350;1451724
96600;396516;1460631
96700;400003;1466792
96800;402375;1453682
96900;403154;1461692
97000;406505;1455990
97100;404501;1449259
97200;403092;1468129
97300;405367;1455138
97400;400848;1461219
97500;401790;1467302
97600;407012;1457957
97700;415505;1468957
97800;407927;1465462
97900;403864;1471422
98000;404087;1472376
98100;412850;1470389
98200;407238;1473729
98300;413992;1474485
98400;410565;1482316
98500;409759;1472294
98600;405708;1477767
98700;406455;1482572
98800;411034;1481862
98900;416309;1481278
99000;410264;1491603
99100;407975;1488828
99200;411452;1488720
99300;410698;1485474
99400;411510;1498999
99500;410612;1498819
99600;411500;1499033
99700;411323;1502049
99800;413047;1505173
99900;417216;1495738
100000;407943;1500804