n;swaps;comparisons
100;2468;2563
200;9852;10047
300;22397;22691
400;39916;40310
500;62037;62530
600;89976;90569
700;122263;122956
800;159282;160075
900;202073;202966
1000;249623;250616
1100;302487;303580
1200;359732;360925
1300;423307;424599
1400;489440;490833
1500;563178;564671
1600;638327;639920
1700;721232;722924
1800;805465;807257
1900;898411;900304
2000;996632;998625
2100;1099582;1101675
2200;1212314;1214507
2300;1317412;1319704
2400;1435717;1438110
2500;1559571;1562064
2600;1686574;1689167
2700;1820609;1823302
2800;1956797;1959589
2900;2103833;2106726
3000;2247868;2250861
3100;2401466;2404559
3200;2557015;2560208
3300;2714595;2717887
3400;2884654;2888046
3500;3064321;3067813
3600;3236269;3239861
3700;3418186;3421879
3800;3606854;3610647
3900;3788385;3792278
4000;3988069;3992061
4100;4199399;4203492
4200;4394459;4398652
4300;4614939;4619231
4400;4838488;4842881
4500;5054816;5059309
4600;5287271;5291864
4700;5521253;5525946
4800;5752104;5756896
4900;5984474;5989366
5000;6240038;6245031
5100;6497831;6502924
5200;6743712;6748905
5300;7011986;7017278
5400;7282910;7288303
5500;7551881;7557373
5600;7823910;7829502
5700;8116845;8122538
5800;8403407;8409200
5900;8692085;8697978
6000;8983819;8989812
6100;9287665;9293758
6200;9601131;9607324
6300;9898346;9904639
6400;10237233;10243625
6500;10542021;10548513
6600;10881828;10888420
6700;11206115;11212808
6800;11549241;11556033
6900;11886155;11893047
7000;12231890;12238882
7100;12591228;12598320
7200;12936798;12943991
7300;13305309;13312601
7400;13662461;13669854
7500;14050040;14057533
7600;14428031;14435623
7700;14795157;14802849
7800;15175254;15183047
7900;15571344;15579237
8000;15986242;15994234
8100;16393379;16401471
8200;16792463;16800655
8300;17202446;17210739
8400;17612896;17621289
8500;18028787;18037280
8600;18480706;18489298
8700;18888807;18897500
8800;19339693;19348485
8900;19820590;19829482
9000;20251342;20260334
9100;20698251;20707344
9200;21124147;21133340
9300;21600704;21609996
9400;22059181;22068574
9500;22540568;22550060
9600;23003831;23013424
9700;23500058;23509751
9800;23989693;23999485
9900;24453780;24463672
10000;24988472;24998465
10100;25478266;25488359
10200;25994689;26004882
10300;26497551;26507843
10400;27043496;27053888
10500;27510263;27520756
10600;28051713;28062305
10700;28597239;28607932
10800;29105223;29116015
10900;29687853;29698746
11000;30212712;30223704
11100;30769746;30780838
11200;31332187;31343380
11300;31922845;31934138
11400;32430637;32442030
11500;33011858;33023350
11600;33613406;33624998
11700;34178534;34190225
11800;34801151;34812943
11900;35355172;35367064
12000;35957731;35969724
12100;36561325;36573417
12200;37176089;37188281
12300;37772107;37784399
12400;38385946;38398339
12500;39010444;39022936
12600;39637435;39650027
12700;40296498;40309191
12800;40920779;40933571
12900;41559825;41572718
13000;42166849;42179842
13100;42883773;42896865
13200;43489502;43502694
13300;44200429;44213721
13400;44855505;44868898
13500;45455677;45469169
13600;46135670;46149262
13700;46878759;46892452
13800;47563336;47577128
13900;48263839;48277732
14000;48952044;48966037
14100;49685754;49699847
14200;50363866;50378059
14300;51028988;51043280
14400;51783313;51797706
14500;52501836;52516328
14600;53249824;53264416
14700;53918915;53933608
14800;54621792;54636584
14900;55409774;55424667
15000;56210962;56225955
15100;57001090;57016183
15200;57658959;57674151
15300;58496330;58511622
15400;59201933;59217325
15500;60020541;60036033
15600;60766742;60782334
15700;61561294;61576987
15800;62396074;62411866
15900;63145768;63161661
16000;63941004;63956996
16100;64792523;64808616
16200;65512736;65528928
16300;66334499;66350791
16400;67127960;67144352
16500;68021753;68038246
16600;68786137;68802730
16700;69638002;69654695
16800;70483677;70500470
16900;71302014;71318906
17000;72164140;72181133
17100;73038543;73055636
17200;73931149;73948341
17300;74746619;74763913
17400;75721690;75739082
17500;76527624;76545116
17600;77421950;77439543
17700;78254138;78271831
17800;79032280;79050073
17900;80049824;80067717
18000;80869212;80887205
18100;81853857;81871950
18200;82700116;82718309
18300;83668602;83686895
18400;84494553;84512946
18500;85459823;85478316
18600;86440227;86458820
18700;87355222;87373914
18800;88323841;88342633
18900;89187724;89206617
19000;90083125;90102118
19100;91157342;91176434
19200;92017629;92036821
19300;92989409;93008701
19400;94043925;94063318
19500;94990865;95010357
19600;96041038;96060631
19700;96955217;96974909
19800;97960450;97980243
19900;98871195;98891087
20000;99947802;99967794
20100;100927686;100947778
20200;101885696;101905888
20300;102858297;102878590
20400;103956063;103976456
20500;104929610;104950103
20600;106091007;106111599
20700;107012182;107032874
20800;108129014;108149807
20900;109098255;109119147
21000;110061715;110082708
21100;111109614;111130707
21200;112240320;112261512
21300;113227223;113248516
21400;114404073;114425465
21500;115448151;115469643
21600;116536487;116558080
21700;117652446;117674138
21800;118641125;118662917
21900;119657626;119679519
22000;120778859;120800852
22100;121968647;121990739
22200;123160816;123183008
22300;124142685;124164978
22400;125293393;125315785
22500;126496727;126519220
22600;127536440;127559032
22700;128687419;128710111
22800;129762034;129784827
22900;131028831;131051723
23000;132097749;132120742
23100;133231251;133254343
23200;134493555;134516747
23300;135543394;135566687
23400;136731089;136754481
23500;137916319;137939812
23600;139171530;139195123
23700;140283123;140306816
23800;141464842;141488634
23900;142636362;142660254
24000;143820945;143844937
24100;145053942;145078034
24200;146262595;146286788
24300;147406070;147430363
24400;148653735;148678128
24500;149827305;149851798
24600;151055759;151080351
24700;152394647;152419340
24800;153675701;153700493
24900;154830791;154855684
25000;155979012;156004005
25100;157350660;157375752
25200;158563490;158588683
25300;159877863;159903155
25400;161001424;161026816
25500;162388570;162414063
25600;163645400;163670993
25700;164982075;165007767
25800;166181689;166207482
25900;167540064;167565957
26000;168881076;168907068
26100;170076039;170102132
26200;171363551;171389743
26300;172738194;172764486
26400;174086743;174113136
26500;175411508;175438000
26600;176769070;176795663
26700;178088961;178115653
26800;179332510;179359303
26900;180574515;180601408
27000;182059431;182086424
27100;183478163;183505256
27200;184933916;184961108
27300;186097739;186125031
27400;187505095;187532488
27500;188847377;188874869
27600;190273112;190300704
27700;191518080;191545773
27800;192951743;192979536
27900;194517322;194545215
28000;195699704;195727696
28100;197150648;197178740
28200;198496894;198525087
28300;200068421;200096714
28400;201273254;201301647
28500;202937084;202965577
28600;204363246;204391839
28700;205762499;205791192
28800;207311655;207340448
28900;208655802;208684695
29000;210044832;210073824
29100;211752316;211781408
29200;212860259;212889451
29300;214270966;214300259
29400;215852696;215882089
29500;217469710;217499202
29600;218855065;218884658
29700;220308403;220338095
29800;221759709;221789501
29900;223361174;223391067
30000;224809621;224839614
30100;226271004;226301096
30200;227767955;227798147
30300;229282607;229312899
30400;230635522;230665914
30500;232414225;232444718
30600;233601636;233632229
30700;235354677;235385370
30800;237063030;237093823
30900;238460894;238491786
31000;239939597;239970590
31100;241532406;241563499
31200;243162693;243193886
31300;244597399;244628691
31400;246212525;246243917
31500;247939644;247971136
31600;249518710;249550302
31700;250867427;250899119
31800;252403231;252435023
31900;254124395;254156288
32000;255955564;255987557
32100;257409069;257441162
32200;258818811;258851004
32300;260518241;260550533
32400;262082756;262115148
32500;263753423;263785915
32600;265462579;265495171
32700;266960151;266992843
32800;268695048;268727841
32900;270399866;270432758
33000;271963339;271996331
33100;273571621;273604714
33200;275188010;275221203
33300;276954206;276987499
33400;278642302;278675695
33500;280155510;280189003
33600;281992471;282026064
33700;283543834;283577527
33800;285259139;285292931
33900;286933874;286967766
34000;288597904;288631896