n;swaps;comparisons
100;670;319
200;1537;744
300;2469;1204
400;3459;1711
500;4431;2273
600;5506;2753
700;6590;3313
800;7668;3908
900;8716;4503
1000;9764;5148
1100;10911;5692
1200;12092;6272
1300;13269;6917
1400;14434;7553
1500;15595;8246
1600;16732;8891
1700;17857;9504
1800;18982;10209
1900;20090;10862
2000;21195;11599
2100;22383;12263
2200;23654;12874
2300;24927;13587
2400;26187;14253
2500;27448;15003
2600;28704;15740
2700;29935;16424
2800;31170;17182
2900;32395;17921
3000;33615;18729
3100;34827;19511
3200;36014;20148
3300;37212;20809
3400;38404;21506
3500;39588;22241
3600;40773;23035
3700;41932;23692
3800;43090;24414
3900;44245;25165
4000;45386;25945
4100;46539;26797
4200;47901;27436
4300;49259;28158
4400;50621;28938
4500;51972;29722
4600;53325;30613
4700;54658;31335
4800;55995;32146
4900;57327;32990
5000;58650;33855
5100;59976;34783
5200;61281;35516
5300;62564;36237
5400;63861;37032
5500;65162;37843
5600;66452;38702
5700;67727;39490
5800;68995;40271
5900;70251;41135
6000;71505;41960
6100;72755;42844
6200;74032;43632
6300;75292;44289
6400;76578;45073
6500;77836;45763
6600;79099;46570
6700;80361;47352
6800;81612;48103
6900;82852;48896
7000;84096;49685
7100;85330;50540
7200;86574;51374
7300;87778;52034
7400;88978;52737
7500;90184;53464
7600;91371;54208
7700;92584;55056
7800;93759;55750
7900;94936;56520
8000;96117;57323
8100;97291;58140
8200;98507;59060
8300;99932;59771
8400;101372;60588
8500;102829;61452
8600;104277;62345
8700;105727;63335
8800;107146;64146
8900;108571;65038
9000;110019;65983
9100;111445;66953
9200;112875;67996
9300;114265;68779
9400;115653;69608
9500;117037;70467
9600;118436;71382
9700;119808;72298
9800;121179;73164
9900;122570;74085
10000;123943;75041
10100;125306;75971
10200;126665;76971
10300;128053;77855
10400;129405;78593
10500;130774;79457
10600;132128;80228
10700;133494;81124
10800;134859;81989
10900;136215;82833
11000;137524;83699
11100;138905;84600
11200;140213;85534
11300;141577;86473
11400;142873;87211
11500;144174;88008
11600;145490;88832
11700;146803;89714
11800;148089;90599
11900;149391;91432
12000;150677;92298
12100;151938;93148
12200;153235;94090
12300;154520;95055
12400;155860;95736
12500;157218;96493
12600;158572;97299
12700;159930;98130
12800;161281;99074
12900;162609;99799
13000;163965;100682
13100;165275;101492
13200;166621;102420
13300;167942;103388
13400;169258;104121
13500;170551;104879
13600;171844;105686
13700;173148;106520
13800;174431;107383
13900;175730;108187
14000;177001;109004
14100;178276;109884
14200;179547;110775
14300;180834;111713
14400;182101;112490
14500;183367;113144
14600;184657;113939
14700;185904;114654
14800;187163;115447
14900;188430;116252
15000;189681;116994
15100;190938;117843
15200;192179;118616
15300;193448;119508
15400;194689;120359
15500;195867;120971
15600;197091;121723
15700;198307;122478
15800;199527;123276
15900;200749;124093
16000;201914;124815
16100;203147;125648
16200;204334;126459
16300;205534;127327
16400;206745;128185
16500;208295;129042
16600;209836;129991
16700;211358;130915
16800;212916;131933
16900;214472;133012
17000;215967;133912
17100;217518;134962
17200;219048;135978
17300;220538;136991
17400;222105;138214
17500;223561;139037
17600;225045;139963
17700;226530;140921
17800;228000;141891
17900;229530;142981
18000;230970;143899
18100;232451;144879
18200;233967;146012
18300;235396;147012
18400;236860;148101
18500;238350;149082
18600;239821;149924
18700;241291;150865
18800;242733;151739
18900;244183;152742
19000;245629;153663
19100;247063;154584
19200;248536;155639
19300;249998;156600
19400;251405;157597
19500;252810;158551
19600;254266;159491
19700;255703;160405
19800;257052;161244
19900;258485;162252
20000;259889;163238
20100;261297;164184
20200;262666;165113
20300;264026;166061
20400;265475;167191
20500;266840;168162
20600;268279;168920
20700;269737;169834
20800;271154;170672
20900;272654;171698
21000;274093;172673
21100;275505;173521
21200;276962;174471
21300;278402;175438
21400;279825;176422
21500;281252;177493
21600;282661;178251
21700;284028;179120
21800;285404;179974
21900;286837;180944
22000;288236;181950
22100;289604;182812
22200;290993;183732
22300;292383;184719
22400;293772;185740
22500;295190;186840
22600;296514;187610
22700;297856;188324
22800;299284;189247
22900;300584;189998
23000;301966;190922
23100;303336;191811
23200;304656;192646
23300;306069;193666
23400;307409;194558
23500;308768;195532
23600;310134;196453
23700;311410;197160
23800;312727;198000
23900;314058;198871
24000;315354;199743
24100;316702;200704
24200;317998;201529
24300;319249;202382
24400;320528;203235
24500;321870;204270
24600;323188;205211
24700;324688;206089
24800;326058;206825
24900;327565;207800
25000;328887;208560
25100;330364;209594
25200;331799;210458
25300;333229;211395
25400;334659;212296
25500;336091;213291
25600;337519;214425
25700;338928;215185
25800;340303;215990
25900;341706;216909
26000;343020;217703
26100;344514;218875
26200;345862;219684
26300;347204;220550
26400;348649;221622
26500;349990;222537
26600;351346;223559
26700;352732;224384
26800;354026;225057
26900;355482;226066
27000;356787;226762
27100;358201;227732
27200;359491;228481
27300;360861;229380
27400;362261;230407
27500;363549;231185
27600;364914;232192
27700;366232;233059
27800;367552;233832
27900;368902;234719
28000;370210;235509
28100;371458;236345
28200;372802;237251
28300;374072;238065
28400;375378;238892
28500;376683;239906
28600;378016;240927
28700;379261;241732
28800;380674;242540
28900;381956;243205
29000;383317;244089
29100;384700;244982
29200;386024;245778
29300;387362;246571
29400;388736;247465
29500;390009;248277
29600;391403;249313
29700;392754;250276
29800;394018;250941
29900;395343;251721
30000;396590;252438
30100;397886;253324
30200;399245;254308
30300;400440;254935
30400;401821;255951
30500;403060;256751
30600;404324;257668
30700;405603;258571
30800;406908;259343
30900;408223;260068
31000;409461;260797
31100;410690;261551
31200;411964;262297
31300;413293;263204
31400;414490;263875
31500;415769;264742
31600;417047;265633
31700;418290;266544
31800;419502;267253
31900;420706;267889
32000;422007;268806
32100;423148;269448
32200;424392;270296
32300;425574;270987
32400;426757;271719
32500;428013;272619
32600;429272;273533
32700;430376;274280
32800;431800;275315
32900;433417;276274
33000;435019;277304
33100;436640;278326
33200;438327;279468
33300;439990;280718
33400;441541;281623
33500;443233;282835
33600;444867;283980
33700;446494;285194
33800;448065;286347
33900;449669;287319
34000;451220;288302
34100;452875;289437
34200;454341;290357
34300;455899;291524
34400;457461;292578
34500;459093;293713
34600;460664;294883
34700;462235;295981
34800;463831;297341
34900;465351;298143
35000;466941;299241
35100;468531;300281
35200;470033;301208
35300;471539;302187
35400;473065;303201
35500;474727;304398
35600;476276;305508
35700;477843;306656
35800;479342;307738
35900;480828;308684
36000;482377;309741
36100;483951;310829
36200;485429;311834
36300;486873;312802
36400;488377;313812
36500;489884;314825
36600;491375;315969
36700;492918;317056
36800;494352;318214
36900;495904;319366
37000;497433;320237
37100;498932;321123
37200;500547;322193
37300;502112;323243
37400;503521;324145
37500;505140;325215
37600;506618;326219
37700;508207;327379
37800;509707;328352
37900;511290;329661
38000;512765;330496
38100;514250;331414
38200;515759;332447
38300;517224;333450
38400;518686;334503
38500;520231;335523
38600;521709;336518
38700;523234;337680
38800;524695;338761
38900;526179;339883
39000;527664;340833
39100;529092;341610
39200;530524;342594
39300;531975;343438
39400;533497;344556
39500;534955;345556
39600;536424;346499
39700;537787;347376
39800;539328;348547
39900;540742;349633
40000;542182;350532
40100;543628;351418
40200;545004;352372
40300;546448;353226
40400;547834;354216
40500;549181;355115
40600;550704;356291
40700;552053;357247
40800;553413;358107
40900;554912;359410
41000;556316;360275
41100;557841;361167
41200;559432;362203
41300;560898;363074
41400;562446;364096
41500;564047;365337
41600;565575;366250
41700;567063;367191
41800;568568;368232
41900;570214;369495
42000;571667;370559
42100;573194;371441
42200;574742;372414
42300;576075;373265
42400;577549;374239
42500;579046;375429
42600;580518;376217
42700;581977;377212
42800;583594;378557
42900;584992;379553
43000;586489;380636
43100;587903;381481
43200;589406;382459
43300;590821;383294
43400;592318;384287
43500;593791;385286
43600;595284;386289
43700;596657;387111
43800;598100;388120
43900;599658;389356
44000;600979;390254
44100;602477;391124
44200;603895;392138
44300;605229;392898
44400;606683;393939
44500;608113;394935
44600;609436;395755
44700;610964;396882
44800;612347;397900
44900;613700;398863
45000;615136;399910
45100;616571;400998
45200;617923;401665
45300;619370;402567
45400;620749;403324
45500;622314;404445
45600;623753;405369
45700;625146;406193
45800;626636;407278
45900;628069;408202
46000;629536;409286
46100;630944;410345
46200;632337;411119
46300;633633;411781
46400;635128;412858
46500;636448;413752
46600;637919;414735
46700;639227;415577
46800;640695;416632
46900;642116;417732
47000;643530;418720
47100;644851;419763
47200;646284;420612
47300;647594;421237
47400;648984;422176
47500;650353;422971
47600;651756;424019
47700;653100;424848
47800;654401;425733
47900;655798;426628
48000;657156;427587
48100;658394;428461
48200;659797;429314
48300;661202;430168
48400;662412;430883
48500;663766;431820
48600;665044;432725
48700;666392;433669
48800;667717;434602
48900;668982;435513
49000;670315;436285
49100;671805;437606
49200;673200;438503
49300;674614;439222
49400;676024;440107
49500;677669;441139
49600;679219;442178
49700;680804;443322
49800;682356;444358
49900;683784;445167
50000;685338;446251
50100;686779;447246
50200;688324;448400
50300;689884;449441
50400;691305;450183
50500;692768;451176
50600;694299;452286
50700;695802;453391
50800;697285;454374
50900;698754;455290
51000;700184;456319
51100;701784;457665
51200;703191;458750
51300;704557;459344
51400;706044;460258
51500;707550;461222
51600;708974;462108
51700;710380;463086
51800;711884;464081
51900;713301;465057
52000;714756;466019
52100;716200;467076
52200;717590;468020
52300;719153;469050
52400;720504;469992
52500;721844;470782
52600;723304;471789
52700;724720;472686
52800;726070;473592
52900;727586;474647
53000;729002;475730
53100;730350;476729
53200;731722;477738
53300;733127;478660
53400;734626;479558
53500;735979;480385
53600;737527;481295
53700;738959;482341
53800;740412;483325
53900;741804;484120
54000;743226;484966
54100;744847;486224
54200;746064;487035
54300;747625;488189
54400;748997;489020
54500;750381;489766
54600;751686;490603
54700;753054;491538
54800;754453;492573
54900;755907;493438
55000;757222;494277
55100;758705;495425
55200;760097;496474
55300;761385;497397
55400;762748;498008
55500;764130;498891
55600;765504;499733
55700;766824;500728
55800;768290;501780
55900;769619;502437
56000;770812;503134
56100;772335;504235
56200;773729;505241
56300;775163;506460
56400;776360;507055
56500;777813;507998
56600;778993;508656
56700;780335;509433
56800;781594;510382
56900;783016;511332
57000;784179;512050
57100;785571;512981
57200;786878;513915
57300;788250;515109
57400;789521;515823
57500;791103;516844
57600;792390;517432
57700;793847;518522
57800;795468;519644
57900;796661;520128
58000;798258;521310
58100;799704;522257
58200;801038;523117
58300;802620;524360
58400;803888;525165
58500;805177;525780
58600;806669;526782
58700;808028;527690
58800;809402;528587
58900;810898;529649
59000;812299;530621
59100;813421;531178
59200;815085;532578
59300;816367;533277
59400;817552;534272
59500;819086;534995
59600;820581;536102
59700;821761;536671
59800;823103;537476
59900;824472;538442
60000;825935;539498
60100;827216;540171
60200;828530;541124
60300;829847;541889
60400;831283;543069
60500;832710;544040
60600;833958;544685
60700;835249;545633
60800;836594;546364
60900;837710;546913
61000;839155;548095
61100;840483;548933
61200;841818;549954
61300;843129;550896
61400;844427;551924
61500;845795;552703
61600;846909;553136
61700;848352;554025
61800;849728;554901
61900;851084;555871
62000;852309;556481
62100;853759;557612
62200;855125;558393
62300;856405;559096
62400;857850;560186
62500;859085;561021
62600;860317;561602
62700;861660;562433
62800;863116;563542
62900;864312;564288
63000;865654;565251
63100;866917;566051
63200;868165;566873
63300;869513;567863
63400;870830;568805
63500;872105;569792
63600;873247;570116
63700;874585;570915
63800;875810;571520
63900;877231;572752
64000;878534;573578
64100;879766;574186
64200;881062;575113
64300;882178;575642
64400;883501;576563
64500;884690;577320
64600;886031;578335
64700;887106;578788
64800;888393;579610
64900;889524;580285
65000;890822;581270
65100;892101;582090
65200;893267;582730
65300;894487;583647
65400;895706;584570
65500;896967;585422
65600;898382;586380
65700;900246;587629
65800;901985;588774
65900;903630;589712
66000;905204;590802
66100;907011;592130
66200;908701;593251
66300;910576;594652
66400;912185;595761
66500;913903;597081
66600;915732;598413
66700;917277;599368
66800;919016;600596
66900;920722;601654
67000;922421;602977
67100;924121;604221
67200;925741;605414
67300;927481;606878
67400;929050;607755
67500;930787;609130
67600;932432;610404
67700;934022;611276
67800;935866;612797
67900;937403;613836
68000;939040;614673
68100;940750;616001
68200;942242;616899
68300;944014;618056
68400;945730;619576
68500;947298;620712
68600;948789;621807
68700;950477;622820
68800;952021;624027
68900;953656;624924
69000;955304;626152
69100;956746;627244
69200;958550;628544
69300;960218;629803
69400;961877;631139
69500;963257;632098
69600;964985;633378
69700;966544;634351
69800;968319;635548
69900;969980;636898
70000;971466;637597
70100;972946;638488
70200;974744;639933
70300;976267;640735
70400;978134;642357
70500;979835;643527
70600;981293;644507
70700;982880;645622
70800;984397;646730
70900;985961;647683
71000;987785;649099
71100;989199;649903
71200;990797;651052
71300;992308;652027
71400;994138;653627
71500;995649;654549
71600;997134;655606
71700;998884;657076
71800;1000249;657829
71900;1002107;659181
72000;1003402;660068
72100;1005014;660968
72200;1006546;662175
72300;1008078;663132
72400;1009772;664441
72500;1011190;665193
72600;1012874;666787
72700;1014512;668003
72800;1015939;668795
72900;1017591;669864
73000;1018962;670820
73100;1020420;671857
73200;1022043;672999
73300;1023572;673921
73400;1025089;675160
73500;1026476;676119
73600;1027790;677102
73700;1029684;678722
73800;1031204;679644
73900;1032730;680494
74000;1034400;681796
74100;1035971;682762
74200;1037717;683942
74300;1039228;684879
74400;1040755;685745
74500;1042544;687237
74600;1044085;688317
74700;1045854;689667
74800;1047477;690740
74900;1048934;691585
75000;1050626;692863
75100;1052001;693543
75200;1053684;694815
75300;1055288;696037
75400;1056690;696868
75500;1058421;698237
75600;1060041;699621
75700;1061722;700782
75800;1063185;701943
75900;1064709;702805
76000;1066287;703744
76100;1067872;704733
76200;1069393;705809
76300;1071160;707133
76400;1072515;707949
76500;1074223;709279
76600;1075572;710206
76700;1077426;711574
76800;1078789;712851
76900;1080317;713528
77000;1081818;714445
77100;1083406;715530
77200;1084774;716488
77300;1086419;717827
77400;1087707;718375
77500;1089313;719816
77600;1090969;721226
77700;1092530;722179
77800;1093818;723181
77900;1095307;724112
78000;1096961;725314
78100;1098631;726311
78200;1099917;726902
78300;1101712;728410
78400;1103133;729207
78500;1104539;730022
78600;1106311;731675
78700;1107615;732257
78800;1109273;733546
78900;1110771;734521
79000;1112176;735362
79100;1113778;736453
79200;1115168;737337
79300;1116747;738402
79400;1118252;739649
79500;1119844;740780
79600;1121169;741494
79700;1123032;743216
79800;1124161;743876
79900;1125703;744934
80000;1127047;745658
80100;1128681;746738
80200;1130023;747615
80300;1131594;748865
80400;1133158;749977
80500;1134692;750948
80600;1135893;751704
80700;1137305;752415
80800;1138810;753598
80900;1140261;754827
81000;1141927;755832
81100;1142909;756380
81200;1144569;757451
81300;1145969;758561
81400;1147407;759656
81500;1148642;760377
81600;1150328;761750
81700;1151717;762556
81800;1152951;763402
81900;1154582;764909
82000;1156055;765676
82100;1157805;766604
82200;1159284;767660
82300;1161001;768919
82400;1162658;770121
82500;1164057;770972
82600;1165792;772154
82700;1167584;773557
82800;1169236;774445
82900;1170816;775830
83000;1172292;776677
83100;1173707;777435
83200;1175492;778852
83300;1177180;780039
83400;1178750;781205
83500;1180221;782181
83600;1181798;783188
83700;1183401;784393
83800;1185003;785505
83900;1186525;786706
84000;1187994;787958
84100;1189499;788682
84200;1191159;789672
84300;1192877;790990
84400;1194241;791685
84500;1195980;793070
84600;1197412;794046
84700;1198894;795081
84800;1200403;795895
84900;1202226;797543
85000;1203619;798548
85100;1205077;799513
85200;1206895;800667
85300;1208276;801701
85400;1209607;802315
85500;1211102;803624
85600;1212755;804732
85700;1214012;805661
85800;1215672;806574
85900;1217224;808085
86000;1218550;808938
86100;1220293;810185
86200;1221611;810708
86300;1223456;812094
86400;1224785;812962
86500;1226402;814099
86600;1227876;814963
86700;1229389;815942
86800;1231010;817157
86900;1232449;818184
87000;1234001;819384
87100;1235551;820252
87200;1237068;821441
87300;1238687;822607
87400;1240145;823275
87500;1241676;824498
87600;1242902;825213
87700;1244373;826490
87800;1245793;827228
87900;1247532;828510
88000;1248721;829282
88100;1250456;830814
88200;1251951;831701
88300;1253501;832734
88400;1254888;833353
88500;1256291;834492
88600;1257724;835409
88700;1259060;836037
88800;1260548;837094
88900;1262175;838477
89000;1263492;839121
89100;1265205;840894
89200;1266407;841256
89300;1268115;842669
89400;1269251;843185
89500;1270728;844264
89600;1272228;845365
89700;1273531;846061
89800;1274945;847214
89900;1276268;848146
90000;1277632;849048
90100;1279105;850257
90200;1280549;851319
90300;1282235;852109
90400;1283654;852977
90500;1285305;854135
90600;1286805;855266
90700;1288266;856059
90800;1290094;857511
90900;1291521;858387
91000;1292932;859082
91100;1294329;860192
91200;1295930;861325
91300;1297478;862552
91400;1299011;863331
91500;1300446;864486
91600;1301908;865553
91700;1303552;866692
91800;1305085;867757
91900;1306313;868549
92000;1307757;869488
92100;1309512;870946
92200;1310832;871686
92300;1312569;872946
92400;1313664;873476
92500;1315020;874020
92600;1316394;875156
92700;1318107;876422
92800;1319908;877863
92900;1321047;878406
93000;1322432;879255
93100;1324017;880493
93200;1325226;881315
93300;1326603;882065
93400;1328091;883008
93500;1329698;884405
93600;1330869;884832
93700;1332432;886171
93800;1333852;887183
93900;1335005;887533
94000;1336759;889269
94100;1337919;889945
94200;1339503;891195
94300;1340926;892060
94400;1342152;892514
94500;1343796;893551
94600;1345470;894950
94700;1346685;895556
94800;1348311;896981
94900;1349479;897387
95000;1351023;898597
95100;1352360;899559
95200;1353941;900666
95300;1355467;901627
95400;1356654;902162
95500;1358019;903027
95600;1359579;904332
95700;1360898;904967
95800;1362502;906425
95900;1363678;906731
96000;1365288;908314
96100;1366501;909122
96200;1368048;910374
96300;1369388;911128
96400;1370504;911412
96500;1372086;912553
96600;1373301;913528
96700;1374616;914139
96800;1376039;915119
96900;1377355;915900
97000;1378839;916871
97100;1380264;917896
97200;1381792;919122
97300;1382796;919683
97400;1384258;920480
97500;1385550;921577
97600;1387122;922615
97700;1388217;923191
97800;1389616;924433
97900;1390852;924902
98000;1392051;925658
98100;1393528;926978
98200;1395065;928123
98300;1396214;929179
98400;1397719;929819
98500;1399355;930726
98600;1400992;931901
98700;1402574;932897
98800;1404141;933875
98900;1405931;935123
99000;1407561;936306
99100;1409110;937186
99200;1410726;938496
99300;1412407;940030
99400;1413781;940560
99500;1415260;941230
99600;1417328;943074
99700;1418762;944140
99800;1420396;945236
99900;1421860;946366
100000;1423386;947490