n;swaps;comparisons
100;148;765
200;299;1724
300;451;2751
400;606;3825
500;762;4919
600;921;6058
700;1083;7211
800;1248;8376
900;1415;9558
1000;1585;10756
1100;1759;11971
1200;1936;13198
1300;2116;14434
1400;2297;15684
1500;2481;16942
1600;2667;18209
1700;2859;19487
1800;3052;20774
1900;3248;22069
2000;3449;23375
2100;3648;24690
2200;3851;26006
2300;4058;27336
2400;4266;28676
2500;4479;30018
2600;4694;31366
2700;4909;32720
2800;5130;34084
2900;5350;35452
3000;5572;36821
3100;5799;38204
3200;6028;39589
3300;6257;40978
3400;6486;42368
3500;6717;43772
3600;6955;45178
3700;7190;46579
3800;7430;47997
3900;7668;49411
4000;7911;50836
4100;8155;52254
4200;8398;53683
4300;8651;55119
4400;8896;56549
4500;9143;57989
4600;9395;59429
4700;9650;60878
4800;9902;62325
4900;10156;63771
5000;10418;65233
5100;10672;66688
5200;10933;68152
5300;11197;69619
5400;11458;71084
5500;11719;72553
5600;11984;74031
5700;12259;75507
5800;12523;76995
5900;12791;78471
6000;13067;79969
6100;13335;81455
6200;13609;82949
6300;13885;84445
6400;14159;85940
6500;14439;87450
6600;14716;88949
6700;15002;90462
6800;15277;91967
6900;15566;93492
7000;15843;94994
7100;16132;96513
7200;16419;98036
7300;16698;99539
7400;16994;101073
7500;17277;102595
7600;17570;104131
7700;17863;105662
7800;18155;107193
7900;18448;108713
8000;18744;110255
8100;19036;111797
8200;19333;113322
8300;19632;114872
8400;19926;116401
8500;20226;117945
8600;20522;119485
8700;20830;121044
8800;21124;122572
8900;21424;124129
9000;21729;125672
9100;22033;127209
9200;22332;128762
9300;22637;130303
9400;22945;131860
9500;23245;133414
9600;23550;134965
9700;23859;136523
9800;24162;138062
9900;24467;139624
10000;24776;141182
10100;25080;142735
10200;25390;144287
10300;25701;145858
10400;26004;147394
10500;26311;148964
10600;26621;150521
10700;26934;152082
10800;27245;153654
10900;27552;155211
11000;27868;156779
11100;28177;158338
11200;28487;159905
11300;28803;161466
11400;29111;163043
11500;29424;164600
11600;29741;166182
11700;30056;167753
11800;30372;169328
11900;30686;170902
12000;31000;172472
12100;31320;174049
12200;31634;175625
12300;31952;177213
12400;32276;178800
12500;32588;180374
12600;32908;181957
12700;33222;183532
12800;33549;185120
12900;33877;186731
13000;34191;188314
13100;34520;189911
13200;34834;191498
13300;35169;193113
13400;35490;194710
13500;35809;196293
13600;36148;197923
13700;36466;199513
13800;36804;201136
13900;37121;202710
14000;37459;204341
14100;37789;205945
14200;38123;207575
14300;38459;209192
14400;38788;210806
14500;39127;212440
14600;39459;214055
14700;39795;215669
14800;40144;217319
14900;40478;218941
15000;40815;220561
15100;41160;222199
15200;41501;223843
15300;41843;225476
15400;42177;227098
15500;42539;228763
15600;42876;230399
15700;43221;232031
15800;43572;233692
15900;43917;235330
16000;44275;236999
16100;44614;238630
16200;44954;240269
16300;45314;241939
16400;45667;243594
16500;46023;245255
16600;46373;246903
16700;46727;248560
16800;47090;250234
16900;47439;251881
17000;47794;253540
17100;48149;255214
17200;48501;256860
17300;48861;258523
17400;49221;260203
17500;49581;261859
17600;49945;263533
17700;50302;265205
17800;50657;266859
17900;51020;268526
18000;51389;270210
18100;51741;271878
18200;52114;273560
18300;52468;275212
18400;52835;276885
18500;53199;278555
18600;53565;280229
18700;53923;281900
18800;54300;283576
18900;54651;285246
19000;55023;286923
19100;55384;288587
19200;55744;290252
19300;56111;291918
19400;56473;293601
19500;56841;295252
19600;57201;296931
19700;57569;298607
19800;57938;300289
19900;58301;301946
20000;58666;303623
20100;59034;305292
20200;59401;306968
20300;59761;308634
20400;60126;310298
20500;60489;311953
20600;60861;313637
20700;61224;315311
20800;61582;316954
20900;61950;318642
21000;62315;320310
21100;62671;321943
21200;63038;323619
21300;63396;325282
21400;63763;326949
21500;64124;328600
21600;64492;330273
21700;64843;331907
21800;65217;333597
21900;65573;335241
22000;65936;336910
22100;66300;338570
22200;66666;340243
22300;67014;341879
22400;67374;343526
22500;67733;345175
22600;68103;346868
22700;68458;348508
22800;68818;350165
22900;69186;351825
23000;69538;353474
23100;69897;355131
23200;70250;356767
23300;70603;358409
23400;70969;360077
23500;71323;361732
23600;71683;363401
23700;72038;365032
23800;72404;366702
23900;72757;368343
24000;73116;370008
24100;73473;371663
24200;73834;373316
24300;74186;374956
24400;74549;376629
24500;74902;378271
24600;75257;379930
24700;75620;381589
24800;75967;383210
24900;76326;384865
25000;76693;386546
25100;77036;388171
25200;77405;389874
25300;77748;391478
25400;78101;393131
25500;78460;394791
25600;78826;396462
25700;79198;398159
25800;79536;399761
25900;79899;401436
26000;80256;403105
26100;80621;404763
26200;80978;406423
26300;81329;408071
26400;81694;409747
26500;82053;411414
26600;82413;413090
26700;82764;414735
26800;83136;416418
26900;83494;418076
27000;83858;419754
27100;84222;421425
27200;84573;423082
27300;84947;424774
27400;85302;426432
27500;85672;428120
27600;86040;429797
27700;86391;431461
27800;86764;433147
27900;87126;434820
28000;87481;436482
28100;87857;438194
28200;88222;439877
28300;88605;441585
28400;88978;443285
28500;89333;444957
28600;89699;446639
28700;90085;448349
28800;90453;450055
28900;90831;451753
29000;91193;453435
29100;91574;455139
29200;91931;456811
29300;92325;458544
29400;92704;460259
29500;93071;461954
29600;93466;463686
29700;93835;465407
29800;94210;467089
29900;94600;468815
30000;94982;470533
30100;95364;472264
30200;95750;473991
30300;96137;475723
30400;96518;477442
30500;96904;479163
30600;97293;480900
30700;97687;482642
30800;98057;484356
30900;98453;486076
31000;98847;487835
31100;99250;489593
31200;99655;491357
31300;100046;493103
31400;100419;494797
31500;100824;496568
31600;101219;498327
31700;101613;500078
31800;102006;501787
31900;102429;503606
32000;102812;505328
32100;103218;507093
32200;103622;508853
32300;104011;510593
32400;104426;512369
32500;104836;514154
32600;105251;515946
32700;105637;517661
32800;106040;519421
32900;106452;521221
33000;106865;522975
33100;107286;524786
33200;107681;526528
33300;108106;528317
33400;108508;530091
33500;108928;531878
33600;109344;533677
33700;109751;535446
33800;110156;537212
33900;110587;539023
34000;111007;540814
34100;111430;542626
34200;111839;544392
34300;112262;546199
34400;112678;547968
34500;113093;549744
34600;113515;551552
34700;113932;553322
34800;114358;555130
34900;114785;556936
35000;115202;558741
35100;115621;560522
35200;116054;562341
35300;116486;564144
35400;116904;565930
35500;117318;567717
35600;117763;569532
35700;118166;571312
35800;118601;573136
35900;119027;574930
36000;119450;576734
36100;119879;578522
36200;120323;580361
36300;120738;582162
36400;121164;583951
36500;121599;585757
36600;122032;587562
36700;122476;589399
36800;122900;591195
36900;123325;593003
37000;123727;594748
37100;124181;596615
37200;124620;598437
37300;125025;600192
37400;125479;602050
37500;125906;603830
37600;126335;605658
37700;126774;607463
37800;127191;609251
37900;127639;611088
38000;128058;612873
38100;128499;614694
38200;128917;616485
38300;129367;618303
38400;129788;620101
38500;130226;621896
38600;130671;623727
38700;131084;625517
38800;131514;627331
38900;131958;629146
39000;132383;630928
39100;132813;632745
39200;133245;634544
39300;133678;636355
39400;134108;638159
39500;134538;639963
39600;134984;641779
39700;135408;643568
39800;135829;645365
39900;136258;647138
40000;136691;648948
40100;137123;650763
40200;137549;652546
40300;137992;654373
40400;138418;656172
40500;138840;657941
40600;139277;659758
40700;139702;661557
40800;140125;663340
40900;140557;665143
41000;140986;666942
41100;141416;668746
41200;141842;670525
41300;142257;672293
41400;142689;674099
41500;143120;675892
41600;143560;677713
41700;143965;679463
41800;144395;681263
41900;144822;683031
42000;145252;684854
42100;145679;686641
42200;146107;688425
42300;146511;690183
42400;146943;691972
42500;147371;693769
42600;147779;695516
42700;148208;697320
42800;148625;699077
42900;149057;700893
43000;149474;702640
43100;149892;704408
43200;150323;706211
43300;150737;707988
43400;151158;709777
43500;151574;711552
43600;151992;713313
43700;152418;715089
43800;152817;716821
43900;153243;718613
44000;153659;720378
44100;154071;722158
44200;154481;723894
44300;154910;725707
44400;155336;727493
44500;155748;729253
44600;156157;731000
44700;156568;732764
44800;156983;734530
44900;157390;736278
45000;157812;738067
45100;158227;739826
45200;158632;741569
45300;159047;743335
45400;159446;745066
45500;159877;746866
45600;160275;748615
45700;160691;750382
45800;161097;752105
45900;161507;753868
46000;161922;755633
46100;162322;757359
46200;162725;759120
46300;163131;760880
46400;163542;762621
46500;163949;764365
46600;164350;766117
46700;164765;767873
46800;165169;769606
46900;165566;771344
47000;165980;773107
47100;166367;774818
47200;166789;776602
47300;167188;778351
47400;167576;780052
47500;167994;781820
47600;168394;783563
47700;168802;785329
47800;169184;787016
47900;169592;788775
48000;169993;790510
48100;170403;792267
48200;170800;793998
48300;171195;795735
48400;171605;797517
48500;171992;799185
48600;172384;800908
48700;172790;802661
48800;173187;804395
48900;173593;806136
49000;173981;807850
49100;174375;809594
49200;174773;811310
49300;175175;813053
49400;175571;814786
49500;175966;816507
49600;176354;818217
49700;176755;819967
49800;177140;821674
49900;177544;823419
50000;177932;825138
50100;178331;826885
50200;178737;828623
50300;179124;830347
50400;179502;832027
50500;179899;833771
50600;180295;835502
50700;180693;837237
50800;181076;838948
50900;181471;840670
51000;181866;842405
51100;182259;844132
51200;182642;845835
51300;183035;847551
51400;183429;849278
51500;183822;851026
51600;184209;852713
51700;184599;854436
51800;184986;856169
51900;185378;857896
52000;185769;859619
52100;186167;861362
52200;186549;863075
52300;186939;864768
52400;187318;866479
52500;187714;868223
52600;188105;869921
52700;188496;871652
52800;188874;873353
52900;189279;875103
53000;189664;876822
53100;190053;878543
53200;190443;880263
53300;190823;881961
53400;191212;883688
53500;191609;885425
53600;192003;887156
53700;192373;888843
53800;192777;890606
53900;193174;892322
54000;193548;894015
54100;193954;895774
54200;194333;897490
54300;194735;899212
54400;195103;900914
54500;195504;902670
54600;195919;904444
54700;196298;906128
54800;196692;907886
54900;197059;909545
55000;197462;911287
55100;197850;913023
55200;198254;914786
55300;198639;916501
55400;199032;918226
55500;199432;919963
55600;199815;921701
55700;200216;923439
55800;200612;925186
55900;200996;926901
56000;201394;928641
56100;201783;930355
56200;202199;932157
56300;202574;933835
56400;202971;935584
56500;203380;937336
56600;203758;939053
56700;204139;940772
56800;204555;942565
56900;204963;944316
57000;205345;946030
57100;205745;947792
57200;206158;949569
57300;206555;951304
57400;206935;953027
57500;207341;954780
57600;207755;956562
57700;208152;958302
57800;208555;960076
57900;208964;961829
58000;209347;963561
58100;209750;965310
58200;210155;967067
58300;210569;968855
58400;210971;970614
58500;211383;972380
58600;211787;974164
58700;212191;975909
58800;212582;977659
58900;213004;979455
59000;213403;981213
59100;213812;982988
59200;214237;984765
59300;214647;986557
59400;215080;988357
59500;215446;990080
59600;215895;991912
59700;216292;993671
59800;216729;995497
59900;217133;997245
60000;217552;999034
60100;217978;1000856
60200;218389;1002643
60300;218805;1004433
60400;219216;1006192
60500;219634;1007977
60600;220045;1009778
60700;220503;1011656
60800;220940;1013455
60900;221339;1015225
61000;221738;1016992
61100;222164;1018787
61200;222601;1020617
61300;223052;1022468
61400;223497;1024312
61500;223916;1026119
61600;224327;1027890
61700;224749;1029732
61800;225173;1031495
61900;225630;1033376
62000;226019;1035097
62100;226469;1036961
62200;226935;1038888
62300;227366;1040677
62400;227803;1042513
62500;228240;1044343
62600;228690;1046196
62700;229112;1048019
62800;229547;1049830
62900;229995;1051700
63000;230448;1053545
63100;230869;1055356
63200;231335;1057217
63300;231754;1059066
63400;232188;1060880
63500;232671;1062801
63600;233117;1064620
63700;233513;1066407
63800;234001;1068315
63900;234453;1070178
64000;234898;1072047
64100;235351;1073906
64200;235785;1075723
64300;236268;1077639
64400;236718;1079521
64500;237177;1081383
64600;237627;1083251
64700;238090;1085109
64800;238530;1086982
64900;238985;1088847
65000;239444;1090714
65100;239896;1092572
65200;240378;1094502
65300;240845;1096364
65400;241296;1098239
65500;241744;1100106
65600;242237;1102019
65700;242692;1103906
65800;243178;1105844
65900;243609;1107634
66000;244090;1109578
66100;244590;1111535
66200;245049;1113391
66300;245502;1115276
66400;245968;1117168
66500;246412;1118987
66600;246924;1120984
66700;247429;1122944
66800;247848;1124747
66900;248367;1126744
67000;248825;1128613
67100;249260;1130455
67200;249764;1132390
67300;250235;1134322
67400;250718;1136238
67500;251199;1138142
67600;251674;1140043
67700;252162;1141972
67800;252633;1143848
67900;253133;1145823
68000;253585;1147684
68100;254076;1149624
68200;254581;1151591
68300;255047;1153473
68400;255526;1155393
68500;256011;1157305
68600;256516;1159277
68700;257001;1161210
68800;257495;1163124
68900;257984;1165067
69000;258456;1166950
69100;258938;1168902
69200;259418;1170797
69300;259924;1172754
69400;260420;1174697
69500;260888;1176602
69600;261390;1178551
69700;261900;1180528
69800;262353;1182384
69900;262864;1184350
70000;263342;1186268
70100;263863;1188273
70200;264357;1190188
70300;264868;1192162
70400;265325;1194046
70500;265810;1195953
70600;266324;1197927
70700;266825;1199895
70800;267332;1201878
70900;267826;1203800
71000;268304;1205697
71100;268816;1207667
71200;269319;1209600
71300;269811;1211565
71400;270299;1213496
71500;270819;1215474
71600;271296;1217369
71700;271783;1219315
71800;272311;1221290
71900;272813;1223279
72000;273298;1225160
72100;273789;1227096
72200;274289;1229038
72300;274804;1231028
72400;275307;1232971
72500;275800;1234915
72600;276318;1236920
72700;276796;1238822
72800;277294;1240740
72900;277813;1242734
73000;278296;1244656
73100;278819;1246636
73200;279306;1248559
73300;279816;1250521
73400;280309;1252453
73500;280802;1254390
73600;281317;1256371
73700;281822;1258296
73800;282342;1260295
73900;282829;1262234
74000;283338;1264200
74100;283823;1266110
74200;284340;1268094
74300;284841;1270022
74400;285340;1271963
74500;285848;1273948
74600;286331;1275822
74700;286850;1277833
74800;287340;1279754
74900;287853;1281720
75000;288354;1283670
75100;288856;1285603
75200;289375;1287586
75300;289865;1289515
75400;290357;1291457
75500;290852;1293356
75600;291364;1295332
75700;291868;1297294
75800;292353;1299201
75900;292882;1301213
76000;293371;1303108
76100;293865;1305048
76200;294375;1307039
76300;294869;1308957
76400;295375;1310874
76500;295870;1312846
76600;296367;1314777
76700;296878;1316705
76800;297378;1318675
76900;297879;1320610
77000;298383;1322579
77100;298883;1324538
77200;299366;1326401
77300;299879;1328388
77400;300373;1330314
77500;300885;1332270
77600;301383;1334195
77700;301871;1336144
77800;302369;1338084
77900;302863;1340009
78000;303370;1341923
78100;303870;1343881
78200;304373;1345821
78300;304870;1347771
78400;305349;1349642
78500;305862;1351634
78600;306350;1353540
78700;306844;1355478
78800;307339;1357415
78900;307845;1359372
79000;308329;1361255
79100;308832;1363226
79200;309315;1365110
79300;309834;1367116
79400;310323;1369038
79500;310816;1370935
79600;311290;1372828
79700;311805;1374807
79800;312302;1376742
79900;312796;1378664
80000;313285;1380576
80100;313763;1382492
80200;314261;1384423
80300;314764;1386368
80400;315261;1388299
80500;315743;1390185
80600;316245;1392123
80700;316731;1394053
80800;317220;1395973
80900;317696;1397843
81000;318207;1399828
81100;318687;1401714
81200;319174;1403633
81300;319669;1405567
81400;320146;1407460
81500;320636;1409370
81600;321136;1411304
81700;321615;1413213
81800;322105;1415135
81900;322598;1417045
82000;323069;1418938
82100;323566;1420861
82200;324055;1422795
82300;324545;1424710
82400;325031;1426609
82500;325493;1428481
82600;325970;1430362
82700;326468;1432304
82800;326950;1434188
82900;327448;1436144
83000;327930;1438029
83100;328413;1439959
83200;328895;1441852
83300;329364;1443724
83400;329858;1445669
83500;330327;1447520
83600;330810;1449425
83700;331312;1451386
83800;331775;1453247
83900;332262;1455153
84000;332739;1457057
84100;333209;1458912
84200;333697;1460842
84300;334172;1462744
84400;334652;1464633
84500;335111;1466490
84600;335610;1468415
84700;336088;1470321
84800;336565;1472211
84900;337037;1474074
85000;337515;1476000
85100;337994;1477895
85200;338477;1479785
85300;338947;1481672
85400;339419;1483574
85500;339899;1485459
85600;340362;1487308
85700;340850;1489246
85800;341324;1491119
85900;341786;1492970
86000;342266;1494893
86100;342732;1496753
86200;343216;1498664
86300;343684;1500535
86400;344154;1502416
86500;344627;1504276
86600;345105;1506197
86700;345575;1508087
86800;346051;1509960
86900;346520;1511834
87000;346974;1513684
87100;347463;1515613
87200;347907;1517423
87300;348397;1519342
87400;348866;1521244
87500;349328;1523098
87600;349801;1524992
87700;350249;1526817
87800;350732;1528707
87900;351204;1530620
88000;351676;1532491
88100;352139;1534349
88200;352600;1536225
88300;353064;1538088
88400;353534;1539970
88500;353997;1541845
88600;354463;1543700
88700;354937;1545590
88800;355409;1547494
88900;355867;1549340
89000;356315;1551159
89100;356796;1553088
89200;357251;1554902
89300;357710;1556781
89400;358179;1558669
89500;358643;1560526
89600;359108;1562407
89700;359571;1564261
89800;360036;1566138
89900;360499;1567989
90000;360957;1569883
90100;361424;1571738
90200;361902;1573639
90300;362347;1575485
90400;362806;1577323
90500;363253;1579170
90600;363720;1581021
90700;364180;1582886
90800;364648;1584790
90900;365106;1586636
91000;365563;1588486
91100;366029;1590337
91200;366470;1592187
91300;366935;1594029
91400;367404;1595916
91500;367856;1597774
91600;368313;1599627
91700;368772;1601480
91800;369233;1603367
91900;369687;1605190
92000;370146;1607073
92100;370612;1608949
92200;371065;1610773
92300;371504;1612612
92400;371971;1614474
92500;372418;1616305
92600;372878;1618186
92700;373345;1620025
92800;373803;1621887
92900;374246;1623722
93000;374716;1625603
93100;375156;1627414
93200;375599;1629238
93300;376083;1631204
93400;376532;1633015
93500;376970;1634832
93600;377429;1636660
93700;377884;1638539
93800;378328;1640378
93900;378791;1642247
94000;379236;1644066
94100;379690;1645910
94200;380148;1647775
94300;380607;1649639
94400;381060;1651490
94500;381505;1653300
94600;381954;1655174
94700;382403;1657011
94800;382849;1658849
94900;383321;1660716
95000;383771;1662543
95100;384204;1664367
95200;384653;1666222
95300;385114;1668076
95400;385574;1669927
95500;386025;1671779
95600;386468;1673599
95700;386909;1675419
95800;387360;1677274
95900;387815;1679149
96000;388251;1680920
96100;388712;1682802
96200;389160;1684638
96300;389606;1686471
96400;390052;1688309
96500;390496;1690137
96600;390945;1691989
96700;391410;1693860
96800;391841;1695672
96900;392291;1697508
97000;392741;1699327
97100;393177;1701138
97200;393630;1703018
97300;394079;1704837
97400;394511;1706649
97500;394972;1708494
97600;395413;1710331
97700;395850;1712144
97800;396295;1713970
97900;396760;1715848
98000;397177;1717624
98100;397646;1719521
98200;398083;1721322
98300;398528;1723154
98400;398973;1724980
98500;399430;1726877
98600;399867;1728643
98700;400313;1730508
98800;400747;1732278
98900;401182;1734125
99000;401622;1735930
99100;402066;1737750
99200;402513;1739604
99300;402968;1741476
99400;403400;1743261
99500;403837;1745057
99600;404275;1746910
99700;404722;1748724
99800;405154;1750532
99900;405601;1752368
100000;406068;1754249