n;swaps;comparisons
100;520;565
200;1238;1329
300;2065;2210
400;2876;3055
500;3802;4067
600;4725;5020
700;5586;5857
800;6551;6908
900;7545;7993
1000;8600;9128
1100;9684;10305
1200;10650;11238
1300;11511;11988
1400;12577;13123
1500;13609;14246
1600;14698;15413
1700;15787;16587
1800;16893;17792
1900;18052;19019
2000;19187;20252
2100;20378;21524
2200;21577;22811
2300;22758;24092
2400;23714;24884
2500;24615;25637
2600;25624;26577
2700;26797;27809
2800;27955;29039
2900;29080;30247
3000;30234;31501
3100;31391;32755
3200;32596;34025
3300;33790;35299
3400;35000;36590
3500;36193;37880
3600;37383;39172
3700;38633;40493
3800;39913;41842
3900;41146;43169
4000;42404;44518
4100;43623;45845
4200;44944;47239
4300;46252;48625
4400;47549;50017
4500;48826;51383
4600;50147;52803
4700;51183;53684
4800;52207;54542
4900;53217;55406
5000;54217;56248
5100;55222;57116
5200;56462;58365
5300;57723;59683
5400;58979;61007
5500;60241;62332
5600;61487;63660
5700;62749;64994
5800;63976;66318
5900;65237;67663
6000;66462;68990
6100;67699;70335
6200;68952;71685
6300;70289;73074
6400;71612;74463
6500;72904;75826
6600;74214;77220
6700;75511;78595
6800;76797;79970
6900;78092;81367
7000;79377;82747
7100;80649;84132
7200;81969;85538
7300;83327;86966
7400;84700;88399
7500;86046;89836
7600;87388;91253
7700;88766;92706
7800;90094;94136
7900;91437;95576
8000;92778;97022
8100;94124;98463
8200;95450;99885
8300;96894;101395
8400;98282;102865
8500;99715;104371
8600;101113;105850
8700;102518;107342
8800;103917;108836
8900;105300;110311
9000;106662;111788
9100;108065;113280
9200;109447;114765
9300;110654;115838
9400;111756;116772
9500;112880;117721
9600;114007;118688
9700;115125;119651
9800;116257;120615
9900;117363;121557
10000;118444;122502
10100;119557;123477
10200;120674;124437
10300;121934;125674
10400;123272;127078
10500;124691;128526
10600;126046;129954
10700;127415;131389
10800;128764;132805
10900;130124;134238
11000;131450;135654
11100;132849;137096
11200;134171;138513
11300;135546;139952
11400;136869;141373
11500;138224;142818
11600;139567;144233
11700;140917;145682
11800;142261;147132
11900;143593;148553
12000;144899;149963
12100;146241;151413
12200;147585;152856
12300;148873;154274
12400;150336;155776
12500;151730;157238
12600;153150;158717
12700;154575;160210
12800;155990;161701
12900;157413;163188
13000;158779;164632
13100;160233;166152
13200;161644;167632
13300;162990;169080
13400;164418;170594
13500;165825;172079
13600;167187;173545
13700;168566;175005
13800;169980;176525
13900;171365;178014
14000;172754;179501
14100;174123;180964
14200;175524;182469
14300;176866;183937
14400;178296;185451
14500;179767;186970
14600;181247;188523
14700;182777;190104
14800;184191;191600
14900;185604;193099
15000;187138;194687
15100;188566;196213
15200;190014;197752
15300;191453;199265
15400;192902;200802
15500;194366;202349
15600;195791;203880
15700;197248;205413
15800;198707;206967
15900;200114;208470
16000;201586;210033
16100;203008;211568
16200;204438;213103
16300;205874;214637
16400;207302;216181
16500;208799;217753
16600;210342;219349
16700;211876;220962
16800;213341;222500
16900;214869;224098
17000;216375;225704
17100;217906;227300
17200;219383;228871
17300;220917;230479
17400;222382;232033
17500;223914;233648
17600;225402;235212
17700;226930;236850
17800;228418;238432
17900;229868;239982
18000;231372;241585
18100;232848;243168
18200;234319;244744
18300;235817;246329
18400;237298;247931
18500;238659;249190
18600;239813;250179
18700;241071;251277
18800;242317;252345
18900;243528;253370
19000;244759;254440
19100;246004;255508
19200;247221;256571
19300;248385;257591
19400;249671;258700
19500;250833;259710
19600;252080;260786
19700;253276;261850
19800;254507;262902
19900;255716;263966
20000;256908;265022
20100;258104;266068
20200;259328;267136
20300;260553;268206
20400;261699;269239
20500;262989;270413
20600;264447;271925
20700;265931;273447
20800;267404;274992
20900;268889;276521
21000;270331;278027
21100;271802;279563
21200;273288;281096
21300;274757;282632
21400;276187;284118
21500;277664;285661
21600;279123;287203
21700;280600;288745
21800;282065;290258
21900;283523;291790
22000;284974;293322
22100;286415;294845
22200;287858;296359
22300;289312;297889
22400;290752;299405
22500;292245;300976
22600;293658;302493
22700;295133;304024
22800;296551;305538
22900;298014;307092
23000;299423;308600
23100;300898;310151
23200;302326;311662
23300;303786;313221
23400;305184;314732
23500;306618;316253
23600;308092;317809
23700;309522;319336
23800;310923;320845
23900;312385;322400
24000;313804;323935
24100;315260;325481
24200;316677;327001
24300;318125;328553
24400;319498;330037
24500;320948;331599
24600;322372;333130
24700;323886;334707
24800;325435;336302
24900;326983;337921
25000;328482;339476
25100;329968;341015
25200;331518;342633
25300;333050;344216
25400;334513;345766
25500;336048;347379
25600;337539;348942
25700;339068;350534
25800;340564;352111
25900;342083;353687
26000;343594;355288
26100;345059;356848
26200;346634;358481
26300;348097;360033
26400;349601;361590
26500;351149;363224
26600;352615;364785
26700;354090;366349
26800;355595;367949
26900;357101;369531
27000;358581;371115
27100;360099;372692
27200;361576;374281
27300;363078;375860
27400;364589;377457
27500;366050;379021
27600;367572;380633
27700;369016;382181
27800;370505;383777
27900;372010;385371
28000;373513;387000
28100;374930;388499
28200;376434;390123
28300;377934;391730
28400;379431;393320
28500;380916;394911
28600;382371;396488
28700;383824;398048
28800;385443;399704
28900;387016;401353
29000;388587;402975
29100;390181;404633
29200;391719;406258
29300;393295;407892
29400;394822;409513
29500;396420;411158
29600;397968;412783
29700;399543;414415
29800;401070;416023
29900;402659;417697
30000;404164;419286
30100;405739;420937
30200;407317;422586
30300;408863;424212
30400;410469;425881
30500;411940;427473
30600;413550;429137
30700;415003;430715
30800;416670;432433
30900;418168;434006
31000;419720;435673
31100;421306;437351
31200;422802;438936
31300;424329;440557
31400;425905;442210
31500;427441;443841
31600;428994;445501
31700;430548;447148
31800;432110;448810
31900;433600;450396
32000;435191;452074
32100;436683;453689
32200;438232;455329
32300;439748;456952
32400;441310;458615
32500;442808;460240
32600;444327;461856
32700;445863;463501
32800;447427;465181
32900;449041;466822
33000;450679;468552
33100;452270;470215
33200;453956;471947
33300;455519;473582
33400;457089;475245
33500;458748;476964
33600;460310;478606
33700;461911;480288
33800;463592;482046
33900;465186;483716
34000;466742;485364
34100;468422;487116
34200;470004;488756
34300;471595;490469
34400;473184;492106
34500;474798;493796
34600;476381;495494
34700;478021;497201
34800;479661;498930
34900;481196;500579
35000;482830;502286
35100;484365;503900
35200;485972;505613
35300;487572;507294
35400;489151;508989
35500;490793;510702
35600;492311;512328
35700;494000;514102
35800;495536;515735
35900;497152;517443
36000;498677;519118
36100;500326;520835
36200;501915;522518
36300;503528;524229
36400;505085;525901
36500;506635;527567
36600;508275;529324
36700;509800;530924
36800;511433;532676
36900;512883;534137
37000;514254;535315
37100;515598;536496
37200;516934;537645
37300;518249;538791
37400;519598;539961
37500;520901;541099
37600;522252;542265
37700;523571;543416
37800;524879;544575
37900;526210;545708
38000;527578;546916
38100;528873;548046
38200;530182;549188
38300;531518;550351
38400;532782;551466
38500;534114;552644
38600;535422;553780
38700;536805;554984
38800;538073;556109
38900;539387;557281
39000;540693;558425
39100;542008;559572
39200;543345;560734
39300;544645;561925
39400;545919;563016
39500;547263;564240
39600;548592;565366
39700;549842;566493
39800;551245;567729
39900;552466;568828
40000;553816;570038
40100;555139;571172
40200;556429;572337
40300;557762;573514
40400;559064;574674
40500;560333;575819
40600;561651;576977
40700;562956;578131
40800;564232;579277
40900;565547;580448
41000;566990;581821
41100;568548;583438
41200;570083;585021
41300;571688;586694
41400;573256;588297
41500;574839;589921
41600;576381;591532
41700;577963;593189
41800;579590;594819
41900;581159;596444
42000;582681;598053
42100;584253;599670
42200;585830;601303
42300;587375;602928
42400;588973;604569
42500;590520;606179
42600;592078;607805
42700;593655;609414
42800;595228;611065
42900;596793;612684
43000;598336;614307
43100;599873;615929
43200;601483;617599
43300;603052;619218
43400;604612;620846
43500;606158;622496
43600;607691;624087
43700;609289;625723
43800;610835;627338
43900;612368;628991
44000;613918;630576
44100;615496;632248
44200;617046;633866
44300;618579;635511
44400;620146;637136
44500;621711;638749
44600;623255;640381
44700;624782;641989
44800;626327;643629
44900;627867;645262
45000;629395;646868
45100;631015;648566
45200;632480;650121
45300;634052;651761
45400;635628;653401
45500;637163;655046
45600;638720;656684
45700;640272;658328
45800;641808;659948
45900;643367;661572
46000;644955;663243
46100;646429;664815
46200;648004;666478
46300;649499;668074
46400;651065;669729
46500;652616;671361
46600;654145;672996
46700;655703;674634
46800;657217;676254
46900;658773;677893
47000;660322;679550
47100;661843;681156
47200;663385;682797
47300;664912;684398
47400;666421;686046
47500;667995;687720
47600;669531;689319
47700;671052;690938
47800;672551;692565
47900;674087;694220
48000;675585;695821
48100;677130;697468
48200;678671;699130
48300;680180;700692
48400;681734;702383
48500;683251;704017
48600;684819;705665
48700;686265;707252
48800;687880;708927
48900;689373;710559
49000;690897;712196
49100;692412;713812
49200;693982;715474
49300;695586;717141
49400;697214;718831
49500;698872;720534
49600;700479;722185
49700;702074;723852
49800;703675;725537
49900;705297;727204
50000;706917;728891
50100;708587;730600
50200;710188;732266
50300;711814;733964
50400;713418;735632
50500;715043;737322
50600;716650;739003
50700;718271;740697
50800;719906;742357
50900;721448;744001
51000;723102;745716
51100;724666;747371
51200;726315;749088
51300;727910;750753
51400;729540;752460
51500;731157;754136
51600;732765;755834
51700;734386;757488
51800;735941;759113
51900;737540;760816
52000;739211;762539
52100;740826;764247
52200;742403;765890
52300;744054;767618
52400;745601;769272
52500;747225;770984
52600;748801;772596
52700;750403;774307
52800;751997;775994
52900;753613;777666
53000;755193;779340
53100;756783;781011
53200;758381;782712
53300;759920;784329
53400;761603;786080
53500;763193;787764
53600;764787;789415
53700;766407;791158
53800;768017;792829
53900;769638;794534
54000;771190;796178
54100;772824;797904
54200;774443;799596
54300;775902;801200
54400;777612;802956
54500;779179;804637
54600;780777;806306
54700;782329;807972
54800;783963;809717
54900;785539;811347
55000;787105;813030
55100;788718;814744
55200;790282;816408
55300;791888;818109
55400;793482;819793
55500;795061;821477
55600;796641;823145
55700;798324;824891
55800;799815;826543
55900;801442;828245
56000;802966;829866
56100;804553;831571
56200;806157;833243
56300;807705;834914
56400;809309;836620
56500;810918;838351
56600;812479;840021
56700;814079;841701
56800;815615;843364
56900;817128;845006
57000;818758;846719
57100;820425;848496
57200;821916;850094
57300;823545;851849
57400;825145;853544
57500;826809;855256
57600;828462;856973
57700;830118;858701
57800;831834;860450
57900;833412;862118
58000;835191;863953
58100;836900;865704
58200;838449;867346
58300;840146;869104
58400;841808;870839
58500;843482;872566
58600;845242;874405
58700;846837;876071
58800;848543;877824
58900;850166;879533
59000;851800;881245
59100;853538;883031
59200;855137;884726
59300;856855;886498
59400;858517;888252
59500;860114;889950
59600;861825;891694
59700;863418;893357
59800;865071;895105
59900;866804;896902
60000;868453;898636
60100;870059;900324
60200;871742;902094
60300;873385;903827
60400;875057;905563
60500;876632;907229
60600;878321;908991
60700;879958;910726
60800;881665;912511
60900;883311;914226
61000;884916;915920
61100;886564;917663
61200;888317;919484
61300;889856;921136
61400;891598;922960
61500;893182;924629
61600;894830;926340
61700;896478;928088
61800;898146;929853
61900;899766;931548
62000;901463;933355
62100;903058;935022
62200;904737;936781
62300;906357;938493
62400;908016;940258
62500;909654;941985
62600;911273;943688
62700;912945;945436
62800;914580;947184
62900;916234;948948
63000;917889;950669
63100;919491;952397
63200;921255;954217
63300;922773;955848
63400;924413;957591
63500;926074;959371
63600;927673;961046
63700;929401;962857
63800;930997;964579
63900;932602;966299
64000;934262;968042
64100;935901;969779
64200;937539;971515
64300;939156;973239
64400;940873;975017
64500;942350;976647
64600;944060;978466
64700;945707;980194
64800;947347;981968
64900;948954;983688
65000;950616;985424
65100;952297;987202
65200;953849;988898
65300;955545;990689
65400;957158;992383
65500;958786;994130
65600;960469;995888
65700;962145;997627
65800;963832;999404
65900;965542;1001177
66000;967242;1002959
66100;968983;1004764
66200;970706;1006561
66300;972452;1008373
66400;974124;1010132
66500;975930;1011993
66600;977577;1013710
66700;979348;1015539
66800;981029;1017277
66900;982731;1019054
67000;984547;1020950
67100;986184;1022672
67200;987966;1024486
67300;989642;1026260
67400;991315;1028030
67500;993001;1029809
67600;994790;1031631
67700;996461;1033385
67800;998209;1035212
67900;999890;1036998
68000;1001574;1038734
68100;1003315;1040583
68200;1004959;1042293
68300;1006763;1044168
68400;1008341;1045841
68500;1010087;1047658
68600;1011800;1049461
68700;1013541;1051288
68800;1015194;1053066
68900;1016842;1054775
69000;1018591;1056589
69100;1020309;1058394
69200;1021993;1060182
69300;1023765;1062038
69400;1025406;1063767
69500;1027126;1065549
69600;1028789;1067316
69700;1030515;1069110
69800;1032212;1070942
69900;1033892;1072687
70000;1035586;1074475
70100;1037337;1076281
70200;1039059;1078110
70300;1040662;1079807
70400;1042421;1081670
70500;1044054;1083406
70600;1045842;1085250
70700;1047510;1087006
70800;1049196;1088793
70900;1050833;1090525
71000;1052609;1092393
71100;1054246;1094140
71200;1055975;1095956
71300;1057678;1097750
71400;1059394;1099550
71500;1061099;1101358
71600;1062741;1103102
71700;1064428;1104911
71800;1066085;1106661
71900;1067815;1108472
72000;1069425;1110223
72100;1071223;1112091
72200;1072887;1113837
72300;1074533;1115612
72400;1076157;1117333
72500;1077937;1119208
72600;1079536;1120925
72700;1081230;1122711
72800;1082930;1124516
72900;1084635;1126335
73000;1086306;1128120
73100;1088012;1129930
73200;1089780;1131797
73300;1091395;1133511
73400;1093101;1135316
73500;1094798;1137096
73600;1096520;1138944
73700;1098150;1140671
73800;1099683;1142136
73900;1101066;1143333
74000;1102469;1144533
74100;1103886;1145819
74200;1105355;1147078
74300;1106817;1148362
74400;1108261;1149639
74500;1109577;1150780
74600;1111073;1152094
74700;1112505;1153348
74800;1113889;1154580
74900;1115412;1155923
75000;1116780;1157139
75100;1118280;1158442
75200;1119695;1159686
75300;1121140;1160938
75400;1122516;1162199
75500;1123946;1163429
75600;1125409;1164720
75700;1126769;1165924
75800;1128222;1167170
75900;1129653;1168486
76000;1131115;1169766
76100;1132385;1170886
76200;1133893;1172202
76300;1135310;1173464
76400;1136737;1174732
76500;1138219;1176028
76600;1139609;1177247
76700;1140989;1178485
76800;1142376;1179727
76900;1143860;1181021
77000;1145273;1182273
77100;1146716;1183551
77200;1148098;1184773
77300;1149487;1186042
77400;1150891;1187272
77500;1152396;1188576
77600;1153754;1189800
77700;1155184;1191070
77800;1156587;1192325
77900;1157955;1193545
78000;1159403;1194826
78100;1160854;1196100
78200;1162230;1197330
78300;1163700;1198613
78400;1165116;1199914
78500;1166547;1201173
78600;1167921;1202411
78700;1169284;1203626
78800;1170769;1204921
78900;1172142;1206148
79000;1173570;1207440
79100;1174966;1208680
79200;1176474;1210002
79300;1177765;1211163
79400;1179228;1212438
79500;1180562;1213679
79600;1182048;1214984
79700;1183398;1216168
79800;1184773;1217444
79900;1186234;1218697
80000;1187673;1220011
80100;1189060;1221262
80200;1190453;1222509
80300;1191898;1223796
80400;1193251;1225028
80500;1194674;1226278
80600;1196110;1227593
80700;1197503;1228819
80800;1198932;1230107
80900;1200313;1231356
81000;1201672;1232565
81100;1203048;1233814
81200;1204541;1235113
81300;1205906;1236368
81400;1207291;1237630
81500;1208663;1238869
81600;1210068;1240126
81700;1211457;1241342
81800;1212890;1242647
81900;1214312;1243916
82000;1215930;1245539
82100;1217653;1247309
82200;1219220;1248959
82300;1220938;1250718
82400;1222573;1252403
82500;1224298;1254169
82600;1225992;1255891
82700;1227616;1257601
82800;1229342;1259365
82900;1230963;1261062
83000;1232674;1262790
83100;1234357;1264540
83200;1236071;1266275
83300;1237672;1267944
83400;1239394;1269744
83500;1241004;1271408
83600;1242716;1273159
83700;1244397;1274900
83800;1246062;1276598
83900;1247691;1278302
84000;1249410;1280064
84100;1251053;1281817
84200;1252761;1283549
84300;1254387;1285259
84400;1256070;1286971
84500;1257658;1288652
84600;1259367;1290405
84700;1261096;1292153
84800;1262748;1293887
84900;1264407;1295621
85000;1266102;1297369
85100;1267728;1299093
85200;1269327;1300743
85300;1271082;1302524
85400;1272697;1304211
85500;1274387;1305968
85600;1276085;1307736
85700;1277795;1309477
85800;1279382;1311160
85900;1281071;1312898
86000;1282735;1314632
86100;1284298;1316286
86200;1286032;1318056
86300;1287713;1319801
86400;1289337;1321496
86500;1291004;1323251
86600;1292602;1324940
86700;1294325;1326706
86800;1295941;1328402
86900;1297659;1330168
87000;1299296;1331881
87100;1300945;1333591
87200;1302592;1335320
87300;1304192;1337029
87400;1305892;1338769
87500;1307601;1340524
87600;1309229;1342242
87700;1310932;1343989
87800;1312592;1345751
87900;1314221;1347467
88000;1315864;1349166
88100;1317597;1350917
88200;1319248;1352671
88300;1320825;1354366
88400;1322468;1356085
88500;1324147;1357819
88600;1325780;1359573
88700;1327445;1361258
88800;1329107;1362996
88900;1330734;1364747
89000;1332438;1366486
89100;1334075;1368201
89200;1335718;1369941
89300;1337357;1371656
89400;1339003;1373374
89500;1340713;1375165
89600;1342252;1376785
89700;1343901;1378548
89800;1345588;1380292
89900;1347212;1382008
90000;1348843;1383693
90100;1350548;1385481
90200;1352151;1387182
90300;1353826;1388920
90400;1355412;1390622
90500;1357070;1392355
90600;1358795;1394163
90700;1360432;1395861
90800;1362062;1397565
90900;1363676;1399286
91000;1365376;1401079
91100;1367000;1402767
91200;1368662;1404517
91300;1370242;1406171
91400;1371961;1408023
91500;1373665;1409726
91600;1375205;1411432
91700;1376850;1413126
91800;1378544;1414897
91900;1380199;1416648
92000;1381770;1418352
92100;1383449;1420067
92200;1385090;1421825
92300;1386723;1423508
92400;1388412;1425290
92500;1390075;1427070
92600;1391627;1428743
92700;1393279;1430468
92800;1394970;1432242
92900;1396585;1433947
93000;1398180;1435641
93100;1399864;1437428
93200;1401503;1439167
93300;1403174;1440890
93400;1404801;1442615
93500;1406384;1444293
93600;1408044;1446099
93700;1409701;1447818
93800;1411403;1449607
93900;1412952;1451245
94000;1414593;1452958
94100;1416265;1454747
94200;1417901;1456461
94300;1419542;1458222
94400;1421150;1459952
94500;1422828;1461679
94600;1424469;1463440
94700;1426069;1465134
94800;1427632;1466815
94900;1429306;1468597
95000;1430999;1470382
95100;1432603;1472045
95200;1434180;1473751
95300;1435832;1475521
95400;1437458;1477279
95500;1439090;1478955
95600;1440758;1480711
95700;1442355;1482435
95800;1443934;1484146
95900;1445572;1485885
96000;1447218;1487627
96100;1448944;1489419
96200;1450504;1491096
96300;1452165;1492862
96400;1453818;1494633
96500;1455484;1496349
96600;1456996;1498013
96700;1458658;1499781
96800;1460271;1501525
96900;1461915;1503249
97000;1463562;1505006
97100;1465132;1506693
97200;1466765;1508457
97300;1468418;1510188
97400;1470008;1511927
97500;1471709;1513685
97600;1473265;1515371
97700;1474937;1517137
97800;1476591;1518879
97900;1478104;1520545
98000;1479750;1522315
98100;1481367;1524045
98200;1483035;1525786
98300;1484652;1527542
98400;1486344;1529291
98500;1488024;1531074
98600;1489872;1532860
98700;1491490;1534585
98800;1493356;1536474
98900;1494985;1538202
99000;1496692;1539995
99100;1498509;1541833
99200;1500152;1543557
99300;1501841;1545333
99400;1503638;1547114
99500;1505323;1548880
99600;1507003;1550630
99700;1508758;1552466
99800;1510437;1554205
99900;1512236;1556047
100000;1514008;1557873