n;swaps;comparisons
100;664;460
200;1528;1020
300;2580;1760
400;3456;2240
500;4708;3192
600;5760;3820
700;6480;3992
800;7712;4880
900;9016;5856
1000;10416;6884
1100;11892;8000
1200;12720;8240
1300;13060;7820
1400;14360;8684
1500;15660;9604
1600;17024;10560
1700;18424;11540
1800;19832;12612
1900;21332;13648
2000;22832;14768
2100;24384;15916
2200;25984;17100
2300;27584;18372
2400;27840;17680
2500;28040;16992
2600;28720;16940
2700;30120;17820
2800;31520;18768
2900;32920;19700
3000;34320;20708
3100;35748;21736
3200;37248;22720
3300;38748;23736
3400;40248;24780
3500;41748;25872
3600;43264;27024
3700;44864;28076
3800;46464;29196
3900;48064;30348
4000;49664;31536
4100;51268;32804
4200;52968;33932
4300;54668;35148
4400;56368;36400
4500;58068;37680
4600;59768;39044
4700;60180;38440
4800;60480;37760
4900;60780;37104
5000;61080;36484
5100;61380;35920
5200;62640;36480
5300;64140;37380
5400;65640;38340
5500;67140;39312
5600;68640;40336
5700;70140;41312
5800;71640;42300
5900;73140;43368
6000;74640;44416
6100;76140;45532
6200;77696;46572
6300;79296;47556
6400;80896;48640
6500;82496;49656
6600;84096;50772
6700;85696;51876
6800;87296;52960
6900;88896;54112
7000;90496;55244
7100;92096;56456
7200;93728;57648
7300;95428;58724
7400;97128;59852
7500;98828;60992
7600;100528;62192
7700;102228;63432
7800;103928;64596
7900;105628;65816
8000;107328;67072
8100;109028;68352
8200;110736;69708
8300;112536;70844
8400;114336;72064
8500;116136;73312
8600;117936;74596
8700;119736;75968
8800;121536;77200
8900;123336;78512
9000;125136;79860
9100;126936;81240
9200;128736;82688
9300;129360;82272
9400;129760;81580
9500;130160;80936
9600;130560;80320
9700;130960;79736
9800;131360;79108
9900;131760;78500
10000;132160;77968
10100;132560;77420
10200;132960;76940
10300;134080;77272
10400;135680;78160
10500;137280;79132
10600;138880;80060
10700;140480;81076
10800;142080;82080
10900;143680;83060
11000;145280;84124
11100;146880;85152
11200;148480;86272
11300;150080;87344
11400;151680;88324
11500;153280;89360
11600;154880;90400
11700;156480;91500
11800;158080;92636
11900;159680;93708
12000;161280;94832
12100;162880;95976
12200;164480;97164
12300;166092;98396
12400;167792;99344
12500;169492;100360
12600;171192;101412
12700;172892;102496
12800;174592;103680
12900;176292;104696
13000;177992;105812
13100;179692;106960
13200;181392;108144
13300;183092;109396
13400;184792;110452
13500;186492;111564
13600;188192;112720
13700;189892;113896
13800;191592;115124
13900;193292;116288
14000;194992;117488
14100;196692;118748
14200;198392;120012
14300;200092;121332
14400;201856;122496
14500;203656;123576
14600;205456;124748
14700;207256;125884
14800;209056;127104
14900;210856;128300
15000;212656;129484
15100;214456;130756
15200;216256;131984
15300;218056;133296
15400;219856;134564
15500;221656;135744
15600;223456;136992
15700;225256;138224
15800;227056;139532
15900;228856;140860
16000;230656;142144
16100;232456;143460
16200;234256;144804
16300;236056;146196
16400;237872;147616
16500;239772;148768
16600;241672;149988
16700;243572;151240
16800;245472;152528
16900;247372;153896
17000;249272;155124
17100;251172;156440
17200;253072;157792
17300;254972;159172
17400;256872;160636
17500;258772;161880
17600;260672;163200
17700;262572;164544
17800;264472;165924
17900;266372;167360
18000;268272;168720
18100;270172;170120
18200;272072;171580
18300;273972;173052
18400;275872;174576
18500;276820;174556
18600;277320;173844
18700;277820;173212
18800;278320;172560
18900;278820;171976
19000;279320;171372
19100;279820;170756
19200;280320;170240
19300;280820;169656
19400;281320;169172
19500;281820;168632
19600;282320;168016
19700;282820;167468
19800;283320;166900
19900;283820;166412
20000;284320;165936
20100;284820;165412
20200;285320;164940
20300;285820;164480
20400;286320;164080
20500;287060;163980
20600;288760;164844
20700;290460;165764
20800;292160;166720
20900;293860;167700
21000;295560;168764
21100;297260;169700
21200;298960;170720
21300;300660;171768
21400;302360;172852
21500;304060;174024
21600;305760;174960
21700;307460;175972
21800;309160;177020
21900;310860;178100
22000;312560;179248
22100;314260;180296
22200;315960;181404
22300;317660;182560
22400;319360;183744
22500;321060;184960
22600;322760;185988
22700;324460;186980
22800;326160;188048
22900;327860;189100
23000;329560;190220
23100;331260;191312
23200;332960;192400
23300;334660;193572
23400;336360;194700
23500;338060;195916
23600;339760;197072
23700;341460;198152
23800;343160;199316
23900;344860;200444
24000;346560;201664
24100;348260;202872
24200;349960;204052
24300;351660;205288
24400;353360;206528
24500;355060;207828
24600;356784;209092
24700;358584;210064
24800;360384;211088
24900;362184;212132
25000;363984;213220
25100;365784;214376
25200;367584;215424
25300;369384;216540
25400;371184;217692
25500;372984;218876
25600;374784;220160
25700;376584;221176
25800;378384;222292
25900;380184;223440
26000;381984;224624
26100;383784;225876
26200;385584;227020
26300;387384;228232
26400;389184;229488
26500;390984;230764
26600;392784;232092
26700;394584;233204
26800;396384;234304
26900;398184;235464
27000;399984;236628
27100;401784;237848
27200;403584;239040
27300;405384;240220
27400;407184;241492
27500;408984;242728
27600;410784;244048
27700;412584;245292
27800;414384;246476
27900;416184;247748
28000;417984;248976
28100;419784;250288
28200;421584;251596
28300;423384;252876
28400;425184;254224
28500;426984;255556
28600;428784;256964
28700;430612;258308
28800;432512;259392
28900;434412;260508
29000;436312;261652
29100;438212;262844
29200;440112;264096
29300;442012;265248
29400;443912;266468
29500;445812;267720
29600;447712;269008
29700;449612;270372
29800;451512;271500
29900;453412;272716
30000;455312;273968
30100;457212;275248
30200;459112;276612
30300;461012;277848
30400;462912;279168
30500;464812;280512
30600;466712;281892
30700;468612;283328
30800;470512;284528
30900;472412;285728
31000;474312;286988
31100;476212;288260
31200;478112;289584
31300;480012;290860
31400;481912;292148
31500;483812;293516
31600;485712;294864
31700;487612;296280
31800;489512;297620
31900;491412;298904
32000;493312;300288
32100;495212;301604
32200;497112;303020
32300;499012;304424
32400;500912;305808
32500;502812;307260
32600;504712;308692
32700;506612;310204
32800;508544;311632
32900;510544;312808
33000;512544;314036
33100;514544;315276
33200;516544;316576
33300;518544;317916
33400;520544;319180
33500;522544;320500
33600;524544;321856
33700;526544;323236
33800;528544;324692
33900;530544;325928
34000;532544;327248
34100;534544;328596
34200;536544;329980
34300;538544;331452
34400;540544;332784
34500;542544;334196
34600;544544;335644
34700;546544;337124
34800;548544;338672
34900;550544;339952
35000;552544;341260
35100;554544;342616
35200;556544;344000
35300;558544;345416
35400;560544;346788
35500;562544;348180
35600;564544;349648
35700;566544;351100
35800;568544;352620
35900;570544;354052
36000;572544;355440
36100;574544;356912
36200;576544;358340
36300;578544;359856
36400;580544;361360
36500;582544;362840
36600;584544;364404
36700;586544;365932
36800;588544;367552
36900;590040;368332
37000;590640;367612
37100;591240;366948
37200;591840;366288
37300;592440;365688
37400;593040;365124
37500;593640;364496
37600;594240;363920
37700;594840;363364
37800;595440;362852
37900;596040;362396
38000;596640;361744
38100;597240;361160
38200;597840;360612
38300;598440;360096
38400;599040;359680
38500;599640;359096
38600;600240;358612
38700;600840;358160
38800;601440;357744
38900;602040;357396
39000;602640;356764
39100;603240;356176
39200;603840;355632
39300;604440;355108
39400;605040;354636
39500;605640;354100
39600;606240;353600
39700;606840;353160
39800;607440;352724
39900;608040;352344
40000;608640;351872
40100;609240;351352
40200;609840;350924
40300;610440;350460
40400;611040;350080
40500;611640;349676
40600;612240;349260
40700;612840;348932
40800;613440;348560
40900;614040;348272
41000;615120;348460
41100;616920;349340
41200;618720;350288
41300;620520;351220
41400;622320;352228
41500;624120;353256
41600;625920;354240
41700;627720;355256
41800;629520;356300
41900;631320;357392
42000;633120;358528
42100;634920;359480
42200;636720;360500
42300;638520;361552
42400;640320;362640
42500;642120;363808
42600;643920;364836
42700;645720;365952
42800;647520;367104
42900;649320;368284
43000;651120;369548
43100;652920;370500
43200;654720;371520
43300;656520;372564
43400;658320;373644
43500;660120;374780
43600;661920;375840
43700;663720;376940
43800;665520;378100
43900;667320;379272
44000;669120;380496
44100;670920;381604
44200;672720;382692
44300;674520;383860
44400;676320;385008
44500;678120;386224
44600;679920;387420
44700;681720;388604
44800;683520;389888
44900;685320;391104
45000;687120;392420
45100;688920;393592
45200;690720;394576
45300;692520;395628
45400;694320;396660
45500;696120;397772
45600;697920;398896
45700;699720;399972
45800;701520;401100
45900;703320;402240
46000;705120;403440
46100;706920;404660
46200;708720;405724
46300;710520;406844
46400;712320;408000
46500;714120;409180
46600;715920;410444
46700;717720;411580
46800;719520;412800
46900;721320;414048
47000;723120;415332
47100;724920;416704
47200;726720;417744
47300;728520;418856
47400;730320;420004
47500;732120;421184
47600;733920;422432
47700;735720;423580
47800;737520;424788
47900;739320;426044
48000;741120;427328
48100;742920;428644
48200;744720;429844
48300;746520;431036
48400;748320;432304
48500;750120;433556
48600;751920;434876
48700;753720;436168
48800;755520;437456
48900;757320;438828
49000;759120;440156
49100;760920;441572
49200;762768;442784
49300;764668;443764
49400;766568;444828
49500;768468;445856
49600;770368;446976
49700;772268;448084
49800;774168;449164
49900;776068;450300
50000;777968;451440
50100;779868;452640
50200;781768;453852
50300;783668;454924
50400;785568;456048
50500;787468;457192
50600;789368;458380
50700;791268;459636
50800;793168;460784
50900;795068;462000
51000;796968;463252
51100;798868;464536
51200;800768;465920
51300;802668;466936
51400;804568;468052
51500;806468;469200
51600;808368;470384
51700;810268;471636
51800;812168;472780
51900;814068;473992
52000;815968;475248
52100;817868;476524
52200;819768;477852
52300;821668;479040
52400;823568;480240
52500;825468;481500
52600;827368;482764
52700;829268;484084
52800;831168;485376
52900;833068;486656
53000;834968;488028
53100;836868;489364
53200;838768;490784
53300;840668;492024
53400;842568;493108
53500;844468;494280
53600;846368;495408
53700;848268;496620
53800;850168;497828
53900;852068;499008
54000;853968;500256
54100;855868;501488
54200;857768;502796
54300;859668;504096
54400;861568;505280
54500;863468;506496
54600;865368;507740
54700;867268;509032
54800;869168;510384
54900;871068;511636
55000;872968;512956
55100;874868;514308
55200;876768;515696
55300;878668;517156
55400;880568;518284
55500;882468;519500
55600;884368;520752
55700;886268;522032
55800;888168;523396
55900;890068;524632
56000;891968;525952
56100;893868;527296
56200;895768;528676
56300;897668;530112
56400;899568;531392
56500;901468;532692
56600;903368;534052
56700;905268;535424
56800;907168;536848
56900;909068;538224
57000;910968;539612
57100;912868;541080
57200;914768;542528
57300;916668;544044
57400;918624;545316
57500;920624;546400
57600;922624;547584
57700;924624;548700
57800;926624;549916
57900;928624;551120
58000;930624;552304
58100;932624;553556
58200;934624;554788
58300;936624;556100
58400;938624;557392
58500;940624;558568
58600;942624;559796
58700;944624;561036
58800;946624;562336
58900;948624;563676
59000;950624;564940
59100;952624;566260
59200;954624;567616
59300;956624;568996
59400;958624;570444
59500;960624;571580
59600;962624;572800
59700;964624;574048
59800;966624;575332
59900;968624;576704
60000;970624;577936
60100;972624;579248
60200;974624;580596
60300;976624;581976
60400;978624;583424
60500;980624;584688
60600;982624;585996
60700;984624;587352
60800;986624;588736
60900;988624;590152
61000;990624;591524
61100;992624;592916
61200;994624;594384
61300;996624;595836
61400;998624;597356
61500;1000624;598668
61600;1002624;599856
61700;1004624;601128
61800;1006624;602356
61900;1008624;603672
62000;1010624;604976
62100;1012624;606256
62200;1014624;607620
62300;1016624;608948
62400;1018624;610368
62500;1020624;611740
62600;1022624;613020
62700;1024624;614356
62800;1026624;615696
62900;1028624;617096
63000;1030624;618532
63100;1032624;619904
63200;1034624;621328
63300;1036624;622772
63400;1038624;624260
63500;1040624;625792
63600;1042624;627040
63700;1044624;628356
63800;1046624;629708
63900;1048624;631092
64000;1050624;632576
64100;1052624;633892
64200;1054624;635308
64300;1056624;636756
64400;1058624;638240
64500;1060624;639792
64600;1062624;641148
64700;1064624;642560
64800;1066624;644016
64900;1068624;645492
65000;1070624;647020
65100;1072624;648484
65200;1074624;649984
65300;1076624;651544
65400;1078624;653108
65500;1080624;654728
65600;1082688;656064
65700;1084788;657244
65800;1086888;658516
65900;1088988;659752
66000;1091088;661072
66100;1093188;662368
66200;1095288;663652
66300;1097388;665024
66400;1099488;666352
66500;1101588;667764
66600;1103688;669132
66700;1105788;670412
66800;1107888;671760
66900;1109988;673092
67000;1112088;674500
67100;1114188;675928
67200;1116288;677312
67300;1118388;678728
67400;1120488;680172
67500;1122588;681664
67600;1124688;683184
67700;1126788;684436
67800;1128888;685756
67900;1130988;687108
68000;1133088;688496
68100;1135188;689964
68200;1137288;691292
68300;1139388;692708
68400;1141488;694160
68500;1143588;695640
68600;1145688;697204
68700;1147788;698548
68800;1149888;699968
68900;1151988;701412
69000;1154088;702892
69100;1156188;704428
69200;1158288;705888
69300;1160388;707388
69400;1162488;708948
69500;1164588;710520
69600;1166688;712144
69700;1168788;713516
69800;1170888;714804
69900;1172988;716172
70000;1175088;717520
70100;1177188;718936
70200;1179288;720332
70300;1181388;721716
70400;1183488;723200
70500;1185588;724616
70600;1187688;726132
70700;1189788;727592
70800;1191888;728976
70900;1193988;730428
71000;1196088;731860
71100;1198188;733372
71200;1200288;734896
71300;1202388;736372
71400;1204488;737900
71500;1206588;739440
71600;1208688;741040
71700;1210788;742640
71800;1212888;744004
71900;1214988;745424
72000;1217088;746880
72100;1219188;748360
72200;1221288;749924
72300;1223388;751360
72400;1225488;752880
72500;1227588;754428
72600;1229688;756012
72700;1231788;757684
72800;1233888;759120
72900;1235988;760632
73000;1238088;762180
73100;1240188;763760
73200;1242288;765408
73300;1244388;766956
73400;1246488;768564
73500;1248588;770220
73600;1250688;771904
73700;1252788;773620
73800;1253880;773564
73900;1254580;772856
74000;1255280;772224
74100;1255980;771576
74200;1256680;770996
74300;1257380;770388
74400;1258080;769776
74500;1258780;769248
74600;1259480;768676
74700;1260180;768192
74800;1260880;767648
74900;1261580;767028
75000;1262280;766492
75100;1262980;765920
75200;1263680;765440
75300;1264380;764948
75400;1265080;764428
75500;1265780;763964
75600;1266480;763504
75700;1267180;763104
75800;1267880;762692
75900;1268580;762064
76000;1269280;761488
76100;1269980;760932
76200;1270680;760420
76300;1271380;759976
76400;1272080;759424
76500;1272780;758940
76600;1273480;758492
76700;1274180;758076
76800;1274880;757760
76900;1275580;757176
77000;1276280;756692
77100;1276980;756240
77200;1277680;755824
77300;1278380;755476
77400;1279080;755020
77500;1279780;754632
77600;1280480;754288
77700;1281180;753964
77800;1281880;753692
77900;1282580;753128
78000;1283280;752528
78100;1283980;751988
78200;1284680;751452
78300;1285380;750972
78400;1286080;750464
78500;1286780;749944
78600;1287480;749516
78700;1288180;749052
78800;1288880;748672
78900;1289580;748216
79000;1290280;747700
79100;1290980;747272
79200;1291680;746800
79300;1292380;746412
79400;1293080;746020
79500;1293780;745600
79600;1294480;745248
79700;1295180;744880
79800;1295880;744588
79900;1296580;744260
80000;1297280;743744
80100;1297980;743260
80200;1298680;742804
80300;1299380;742396
80400;1300080;742048
80500;1300780;741600
80600;1301480;741220
80700;1302180;740872
80800;1302880;740560
80900;1303580;740324
81000;1304280;739852
81100;1304980;739468
81200;1305680;739120
81300;1306380;738800
81400;1307080;738564
81500;1307780;738200
81600;1308480;737920
81700;1309180;737664
81800;1309880;737444
81900;1310580;737280
82000;1312240;737920
82100;1314140;738820
82200;1316040;739780
82300;1317940;740752
82400;1319840;741776
82500;1321740;742752
82600;1323640;743740
82700;1325540;744808
82800;1327440;745856
82900;1329340;746972
83000;1331240;748012
83100;1333140;748996
83200;1335040;750080
83300;1336940;751096
83400;1338840;752212
83500;1340740;753316
83600;1342640;754400
83700;1344540;755552
83800;1346440;756684
83900;1348340;757896
84000;1350240;759056
84100;1352140;760032
84200;1354040;761060
84300;1355940;762100
84400;1357840;763200
84500;1359740;764340
84600;1361640;765404
84700;1363540;766524
84800;1365440;767680
84900;1367340;768860
85000;1369240;770116
85100;1371140;771152
85200;1373040;772272
85300;1374940;773420
85400;1376840;774604
85500;1378740;775876
85600;1380640;777008
85700;1382540;778220
85800;1384440;779468
85900;1386340;780748
86000;1388240;782096
86100;1390140;783092
86200;1392040;784100
86300;1393940;785156
86400;1395840;786240
86500;1397740;787356
86600;1399640;788428
86700;1401540;789520
86800;1403440;790688
86900;1405340;791840
87000;1407240;793060
87100;1409140;794192
87200;1411040;795280
87300;1412940;796452
87400;1414840;797580
87500;1416740;798796
87600;1418640;800000
87700;1420540;801180
87800;1422440;802444
87900;1424340;803672
88000;1426240;804992
88100;1428140;806228
88200;1430040;807308
88300;1431940;808444
88400;1433840;809584
88500;1435740;810784
88600;1437640;812020
88700;1439540;813192
88800;1441440;814416
88900;1443340;815660
89000;1445240;816948
89100;1447140;818292
89200;1449040;819440
89300;1450940;820656
89400;1452840;821908
89500;1454740;823192
89600;1456640;824576
89700;1458540;825792
89800;1460440;827108
89900;1462340;828456
90000;1464240;829840
90100;1466140;831292
90200;1468040;832284
90300;1469940;833296
90400;1471840;834352
90500;1473740;835428
90600;1475640;836556
90700;1477540;837620
90800;1479440;838720
90900;1481340;839880
91000;1483240;841044
91100;1485140;842264
91200;1487040;843392
91300;1488940;844472
91400;1490840;845644
91500;1492740;846780
91600;1494640;848000
91700;1496540;849196
91800;1498440;850380
91900;1500340;851652
92000;1502240;852880
92100;1504140;854192
92200;1506040;855420
92300;1507940;856500
92400;1509840;857648
92500;1511740;858780
92600;1513640;859988
92700;1515540;861216
92800;1517440;862400
92900;1519340;863616
93000;1521240;864860
93100;1523140;866152
93200;1525040;867488
93300;1526940;868640
93400;1528840;869860
93500;1530740;871112
93600;1532640;872400
93700;1534540;873768
93800;1536440;874996
93900;1538340;876312
94000;1540240;877664
94100;1542140;879044
94200;1544040;880508
94300;1545940;881568
94400;1547840;882688
94500;1549740;883832
94600;1551640;885012
94700;1553540;886248
94800;1555440;887408
94900;1557340;888608
95000;1559240;889868
95100;1561140;891140
95200;1563040;892464
95300;1564940;893672
95400;1566840;894860
95500;1568740;896128
95600;1570640;897376
95700;1572540;898692
95800;1574440;899988
95900;1576340;901272
96000;1578240;902656
96100;1580140;903972
96200;1582040;905388
96300;1583940;906704
96400;1585840;907888
96500;1587740;909140
96600;1589640;910372
96700;1591540;911684
96800;1593440;913008
96900;1595340;914284
97000;1597240;915612
97100;1599140;916952
97200;1601040;918352
97300;1602940;919772
97400;1604840;921036
97500;1606740;922356
97600;1608640;923712
97700;1610540;925092
97800;1612440;926556
97900;1614340;927892
98000;1616240;929312
98100;1618140;930760
98200;1620040;932244
98300;1621940;933816
98400;1623936;934768
98500;1625936;935780
98600;1627936;936828
98700;1629936;937908
98800;1631936;939056
98900;1633936;940104
99000;1635936;941212
99100;1637936;942368
99200;1639936;943552
99300;1641936;944768
99400;1643936;945868
99500;1645936;946960
99600;1647936;948128
99700;1649936;949280
99800;1651936;950500
99900;1653936;951692
100000;1655936;952880