0;0,070000
1;0,073000
2;0,078000
3;0,084000
4;0,089000
5;0,092000
6;0,100000
7;0,131000
8;0,121000
9;0,126000
10;0,129000
11;0,139000
12;0,141000
13;0,145000
14;0,149000
15;0,158000
16;0,161000
17;0,165000
18;0,304000
19;0,174000
20;0,177000
21;0,188000
22;0,185000
23;0,192000
24;0,201000
25;0,199000
26;0,182000
27;0,213000
28;4,261000
29;0,223000
30;0,223000
31;0,233000
32;0,234000
33;0,238000
34;0,245000
35;0,252000
36;0,254000
37;0,264000
38;0,265000
39;0,352000
40;0,270000
41;0,274000
42;1,626000
43;0,791000
44;0,292000
45;0,316000
46;0,296000
47;0,304000
48;0,314000
49;0,314000
50;0,315000
51;0,320000
52;0,339000
53;0,331000
54;0,334000
55;0,343000
56;0,343000
57;0,347000
58;0,362000
59;0,361000
60;0,374000
61;0,377000
62;0,373000
63;2,978000
64;0,428000
65;0,389000
66;0,394000
67;0,397000
68;0,401000
69;2,352000
70;0,400000
71;4,228000
72;0,422000
73;0,424000
74;0,433000
75;0,435000
76;0,441000
77;0,467000
78;0,448000
79;0,450000
80;0,463000
81;0,653000
82;0,468000
83;0,487000
84;0,480000
85;0,480000
86;0,485000
87;0,503000
88;0,494000
89;0,512000
90;0,504000
91;0,511000
92;0,512000
93;0,523000
94;0,520000
95;0,577000
96;0,531000
97;0,537000
98;0,539000
99;0,543000
100;7,320000
101;0,555000
102;0,560000
103;0,696000
104;0,568000
105;0,596000
106;0,579000
107;0,580000
108;0,592000
109;0,741000
110;0,660000
111;0,601000
112;0,609000
113;0,616000
114;0,619000
115;0,623000
116;0,623000
117;0,630000
118;0,639000
119;0,641000
120;0,646000
121;0,645000
122;0,651000
123;0,654000
124;4,042000
125;0,671000
126;0,668000
127;0,673000
128;0,682000
129;0,753000
130;0,691000
131;0,689000
132;0,698000
133;0,712000
134;0,699000
135;0,729000
136;0,717000
137;4,100000
138;0,721000
139;0,729000
140;0,747000
141;0,751000
142;0,744000
143;0,750000
144;0,755000
145;0,761000
146;0,771000
147;0,716000
148;0,776000
149;4,162000
150;0,779000
151;0,787000
152;0,789000
153;0,814000
154;0,800000
155;0,803000
156;0,753000
157;0,817000
158;0,822000
159;0,826000
160;0,825000
161;0,835000
162;0,836000
163;0,838000
164;0,845000
165;0,863000
166;0,861000
167;0,860000
168;0,869000
169;0,872000
170;0,873000
171;0,881000
172;0,897000
173;0,891000
174;0,894000
175;0,903000
176;0,898000
177;0,915000
178;0,913000
179;0,924000
180;0,923000
181;0,921000
182;0,938000
183;0,969000
184;0,941000
185;0,955000
186;0,942000
187;0,947000
188;0,961000
189;0,966000
190;0,967000
191;0,973000
192;0,986000
193;0,980000
194;0,987000
195;0,997000
196;0,997000
197;1,002000
198;1,014000
199;1,006000
200;1,013000
201;1,043000
202;1,024000
203;1,023000
204;1,036000
205;1,040000
206;1,040000
207;1,038000
208;1,051000
209;1,055000
210;1,056000
211;1,069000
212;1,066000
213;1,083000
214;1,078000
215;1,084000
216;1,098000
217;1,094000
218;1,099000
219;1,105000
220;1,106000
221;1,113000
222;1,131000
223;1,119000
224;1,180000
225;1,130000
226;1,144000
227;1,143000
228;1,138000
229;1,146000
230;1,155000
231;1,162000
232;1,158000
233;1,174000
234;1,172000
235;1,179000
236;1,185000
237;1,183000
238;1,195000
239;1,196000
240;1,200000
241;1,206000
242;1,215000
243;1,212000
244;1,218000
245;1,222000
246;1,229000
247;1,226000
248;1,244000
249;1,242000
250;1,248000
251;1,250000
252;1,254000
253;1,263000
254;1,267000
255;1,261000
256;1,278000
257;1,277000
258;1,282000
259;1,287000
260;1,281000
261;1,300000
262;1,297000
263;1,306000
264;1,308000
265;1,328000
266;1,325000
267;1,327000
268;1,337000
269;1,328000
270;1,344000
271;1,352000
272;1,352000
273;1,360000
274;1,356000
275;1,368000
276;1,367000
277;1,378000
278;1,380000
279;1,381000
280;1,387000
281;1,392000
282;1,402000
283;1,398000
284;1,409000
285;1,407000
286;1,409000
287;1,422000
288;1,421000
289;1,435000
290;1,444000
291;1,438000
292;1,444000
293;1,450000
294;1,449000
295;1,464000
296;1,461000
297;1,470000
298;1,471000
299;1,471000
300;1,482000
301;1,483000
302;1,490000
303;1,486000
304;1,499000
305;1,497000
306;1,514000
307;1,511000
308;1,517000
309;1,518000
310;1,527000
311;2,614000
312;1,758000
313;1,543000
314;1,556000
315;1,549000
316;1,561000
317;1,561000
318;1,623000
319;1,577000
320;1,582000
321;1,576000
322;1,587000
323;1,588000
324;1,722000
325;1,594000
326;1,724000
327;1,602000
328;1,620000
329;1,609000
330;1,619000
331;1,629000
332;1,631000
333;1,632000
334;1,648000
335;1,640000
336;4,699000
337;1,645000
338;1,664000
339;1,658000
340;1,663000
341;1,675000
342;1,674000
343;1,683000
344;1,682000
345;1,696000
346;1,690000
347;1,692000
348;1,701000
349;1,707000
350;1,707000
351;1,737000
352;1,717000
353;1,759000
354;1,729000
355;1,747000
356;1,738000
357;1,740000
358;1,754000
359;1,753000
360;1,764000
361;1,770000
362;1,774000
363;1,772000
364;1,777000
365;1,778000
366;1,790000
367;1,794000
368;1,779000
369;1,804000
370;1,802000
371;1,811000
372;1,809000
373;1,822000
374;1,825000
375;1,829000
376;1,835000
377;1,837000
378;1,842000
379;1,847000
380;1,850000
381;1,864000
382;1,855000
383;1,867000
384;1,869000
385;1,880000
386;1,875000
387;2,158000
388;1,895000
389;1,891000
390;1,943000
391;1,900000
392;1,913000
393;1,919000
394;1,906000
395;1,924000
396;1,927000
397;1,930000
398;1,935000
399;1,945000
400;1,941000
401;1,946000
402;1,955000
403;1,964000
404;1,962000
405;1,968000
406;1,969000
407;1,974000
408;1,982000
409;1,980000
410;1,992000
411;1,996000
412;1,996000
413;2,010000
414;2,007000
415;2,013000
416;2,022000
417;2,021000
418;2,041000
419;2,031000
420;2,036000
421;2,046000
422;2,048000
423;2,052000
424;2,057000
425;2,059000
426;2,061000
427;2,073000
428;2,069000
429;2,075000
430;2,092000
431;2,089000
432;2,097000
433;2,102000
434;2,098000
435;2,124000
436;2,117000
437;2,116000
438;2,116000
439;2,124000
440;2,880000
441;2,330000
442;2,146000
443;2,139000
444;2,155000
445;2,233000
446;2,154000
447;2,167000
448;2,173000
449;2,170000
450;2,186000
451;2,181000
452;2,189000
453;2,228000
454;2,202000
455;2,205000
456;2,201000
457;2,221000
458;2,216000
459;2,215000
460;2,220000
461;2,230000
462;2,227000
463;2,237000
464;2,249000
465;2,241000
466;2,254000
467;2,260000
468;2,260000
469;2,287000
470;2,291000
471;2,298000
472;2,302000
473;2,312000
474;2,314000
475;2,316000
476;2,324000
477;2,329000
478;2,333000
479;2,359000
480;2,345000
481;2,346000
482;2,354000
483;2,367000
484;2,365000
485;2,372000
486;2,365000
487;2,380000
488;2,383000
489;2,398000
490;2,389000
491;2,394000
492;2,404000
493;2,410000
494;2,405000
495;2,418000
496;2,422000
497;2,426000
498;2,418000
499;2,434000
500;2,442000
501;0,068000
502;0,072000
503;0,071000
504;0,069000
505;0,067000
506;0,069000
507;0,068000
508;0,068000
509;0,071000
510;0,071000
511;0,070000
512;0,070000
513;0,070000
514;0,068000
515;0,071000
516;0,068000
517;0,069000
518;0,069000
519;0,070000
520;0,073000
521;0,068000
522;0,067000
523;0,069000
524;0,067000
525;0,068000
526;0,070000
527;0,072000
528;0,069000
529;0,070000
530;0,072000
531;0,072000
532;0,067000
533;0,070000
534;0,071000
535;0,068000
536;0,070000
537;0,072000
538;0,069000
539;0,069000
540;0,070000
541;0,073000
542;0,071000
543;0,067000
544;0,069000
545;0,069000
546;0,072000
547;0,071000
548;0,069000
549;0,070000
550;0,072000
551;0,072000
552;0,070000
553;0,075000
554;0,075000
555;0,069000
556;0,072000
557;0,069000
558;0,070000
559;0,066000
560;0,067000
561;0,070000
562;0,069000
563;0,069000
564;0,068000
565;0,067000
566;0,079000
567;0,069000
568;0,069000
569;0,069000
570;0,072000
571;0,076000
572;0,068000
573;0,071000
574;0,073000
575;0,070000
576;0,070000
577;0,069000
578;0,072000
579;0,071000
580;0,067000
581;0,073000
582;0,067000
583;0,068000
584;0,071000
585;0,069000
586;0,070000
587;0,071000
588;0,069000
589;0,072000
590;0,076000
591;0,070000
592;0,070000
593;0,069000
594;0,069000
595;0,068000
596;0,069000
597;0,069000
598;0,067000
599;0,069000
600;0,069000
601;0,068000
602;0,071000
603;0,071000
604;0,074000
605;0,067000
606;0,071000
607;0,071000
608;0,068000
609;0,068000
610;0,067000
611;0,069000
612;0,069000
613;0,070000
614;0,069000
615;0,076000
616;0,072000
617;0,070000
618;0,070000
619;0,069000
620;0,070000
621;0,067000
622;0,071000
623;0,070000
624;0,070000
625;0,070000
626;0,071000
627;0,070000
628;0,071000
629;0,070000
630;0,070000
631;0,071000
632;0,071000
633;0,069000
634;0,070000
635;0,068000
636;0,071000
637;0,070000
638;0,069000
639;0,071000
640;0,070000
641;0,068000
642;0,069000
643;0,067000
644;0,071000
645;0,068000
646;0,068000
647;0,072000
648;0,074000
649;0,065000
650;0,072000
651;0,068000
652;0,073000
653;0,067000
654;0,069000
655;0,073000
656;0,070000
657;0,069000
658;0,071000
659;0,071000
660;0,069000
661;0,070000
662;0,069000
663;0,197000
664;0,068000
665;0,069000
666;0,070000
667;0,070000
668;0,071000
669;0,071000
670;0,067000
671;0,071000
672;0,070000
673;0,070000
674;0,072000
675;0,069000
676;0,068000
677;0,073000
678;0,069000
679;0,068000
680;0,070000
681;0,070000
682;0,071000
683;0,072000
684;0,070000
685;0,070000
686;0,079000
687;0,073000
688;0,072000
689;0,071000
690;0,075000
691;0,073000
692;0,073000
693;0,069000
694;0,069000
695;0,070000
696;0,069000
697;0,072000
698;0,067000
699;0,069000
700;0,067000
701;0,070000
702;0,069000
703;0,067000
704;0,073000
705;0,064000
706;0,071000
707;0,068000
708;0,068000
709;0,070000
710;0,070000
711;0,070000
712;0,070000
713;0,071000
714;0,072000
715;0,070000
716;0,070000
717;0,073000
718;0,069000
719;0,069000
720;0,070000
721;0,069000
722;0,070000
723;0,069000
724;0,069000
725;0,068000
726;0,069000
727;0,066000
728;0,071000
729;0,071000
730;0,070000
731;0,069000
732;0,069000
733;0,068000
734;0,070000
735;0,069000
736;0,068000
737;0,070000
738;0,069000
739;0,068000
740;0,070000
741;0,071000
742;0,071000
743;0,069000
744;0,071000
745;0,068000
746;0,068000
747;0,069000
748;0,070000
749;0,070000
750;0,070000
751;0,069000
752;0,070000
753;0,072000
754;0,070000
755;0,069000
756;0,072000
757;0,072000
758;0,071000
759;0,070000
760;0,070000
761;0,069000
762;0,072000
763;0,071000
764;0,065000
765;0,071000
766;0,070000
767;0,070000
768;0,067000
769;0,069000
770;0,071000
771;0,070000
772;0,067000
773;0,072000
774;0,071000
775;0,068000
776;0,068000
777;0,071000
778;0,069000
779;0,069000
780;0,069000
781;0,069000
782;0,073000
783;0,071000
784;0,075000
785;0,071000
786;0,070000
787;0,070000
788;0,073000
789;0,069000
790;0,070000
791;0,072000
792;0,067000
793;0,069000
794;0,069000
795;0,068000
796;0,070000
797;0,070000
798;0,070000
799;0,068000
800;0,071000
801;0,071000
802;0,072000
803;0,068000
804;0,070000
805;0,070000
806;0,069000
807;0,070000
808;0,071000
809;0,070000
810;0,068000
811;0,072000
812;0,073000
813;0,069000
814;0,072000
815;0,071000
816;0,072000
817;0,070000
818;0,072000
819;0,068000
820;0,070000
821;0,070000
822;0,071000
823;0,071000
824;0,071000
825;0,071000
826;0,072000
827;0,070000
828;0,067000
829;0,070000
830;0,067000
831;0,069000
832;0,072000
833;0,070000
834;0,071000
835;0,069000
836;0,070000
837;0,068000
838;0,070000
839;0,071000
840;0,070000
841;0,071000
842;0,069000
843;0,072000
844;0,068000
845;0,068000
846;0,071000
847;0,069000
848;0,068000
849;0,068000
850;0,071000
851;0,068000
852;0,068000
853;0,072000
854;0,069000
855;0,073000
856;0,068000
857;0,077000
858;0,069000
859;0,069000
860;0,069000
861;0,073000
862;0,070000
863;0,070000
864;0,072000
865;0,068000
866;0,072000
867;0,071000
868;0,070000
869;0,071000
870;0,070000
871;0,069000
872;0,071000
873;0,069000
874;0,071000
875;0,070000
876;0,069000
877;0,070000
878;0,070000
879;0,069000
880;0,068000
881;0,071000
882;0,069000
883;0,073000
884;0,072000
885;0,072000
886;0,069000
887;0,070000
888;0,070000
889;0,070000
890;0,069000
891;0,070000
892;0,066000
893;0,065000
894;0,073000
895;0,072000
896;0,067000
897;0,070000
898;0,068000
899;0,071000
900;0,070000
901;0,071000
902;0,070000
903;0,069000
904;0,070000
905;0,075000
906;0,072000
907;0,071000
908;0,072000
909;0,070000
910;0,070000
911;0,073000
912;0,071000
913;0,071000
914;0,069000
915;0,068000
916;0,069000
917;0,065000
918;0,068000
919;0,070000
920;0,071000
921;0,067000
922;0,066000
923;0,069000
924;0,069000
925;0,069000
926;0,070000
927;0,072000
928;0,068000
929;0,068000
930;0,073000
931;0,071000
932;0,067000
933;0,072000
934;0,070000
935;0,070000
936;0,071000
937;0,070000
938;0,073000
939;0,071000
940;0,068000
941;0,068000
942;0,071000
943;0,071000
944;0,069000
945;0,066000
946;0,068000
947;0,070000
948;0,068000
949;0,070000
950;0,071000
951;0,072000
952;0,069000
953;0,069000
954;0,070000
955;0,067000
956;0,071000
957;0,071000
958;0,066000
959;0,066000
960;0,069000
961;0,070000
962;0,068000
963;0,068000
964;0,071000
965;0,071000
966;0,069000
967;0,070000
968;0,070000
969;0,068000
970;0,071000
971;0,072000
972;0,070000
973;0,071000
974;0,067000
975;0,071000
976;0,070000
977;0,072000
978;0,077000
979;0,067000
980;0,073000
981;0,071000
982;0,069000
983;0,069000
984;0,071000
985;0,067000
986;0,068000
987;0,070000
988;0,068000
989;0,068000
990;0,067000
991;0,072000
992;0,070000
993;0,070000
994;0,073000
995;0,072000
996;0,070000
997;0,072000
998;0,066000
999;0,072000
